Distance (µm),Fe Wt%,Cr Wt%,Ni Wt%,Mn Wt%,Pb Wt%
0,84.50109,12.21292,0,0,3.28599
0.000222252,87.91369,5.106974,1.64414,0.536598,4.7986
0.000444505,91.44246,7.327227,0.424506,0.805806,0
0.000666757,89.92575,6.267725,1.198326,0,2.608199
0.00088901,86.77738,13.22262,0,0,0
0.001111262,88.78929,8.033271,0.717334,2.460106,0
0.001333515,91.67559,5.010063,0,0,3.314349
0.001555767,89.28334,6.919259,0,0.232505,3.564893
0.00177802,90.1677,6.400931,0,2.552237,0.879127
0.002000272,89.72566,9.439968,0.834372,0,0
0.002222525,86.86547,11.39425,0,0.850956,0.889327
0.002444777,90.72652,8.118484,0,0,1.154993
0.00266703,85.80664,5.428951,0,0.523935,8.240472
0.002889282,88.23236,8.223267,2.581547,0.962824,0
0.003111534,88.56734,5.575235,1.690049,0.490683,3.676697
0.003333787,88.95888,6.087702,0.96476,1.015496,2.973164
0.003556039,91.72292,6.28024,0,0,1.996846
0.003778292,89.06103,9.18547,0.532349,0,1.221158
0.004000544,91.73925,8.26075,0,0,0
0.004222797,89.79892,8.900673,0,0.942115,0.35829
0.004445049,96.07197,2.628186,0,0.205473,1.094375
0.004667302,88.12106,8.281408,0,0,3.597534
0.004889554,89.28515,5.664379,3.911364,1.139108,0
0.005111807,91.45942,8.02774,0,0.512841,0
0.005334059,84.77833,11.245,0,0.247349,3.729321
0.005556312,93.18008,5.523462,0,0,1.296454
0.005778564,84.12988,12.19476,0.602121,2.720853,0.35239
0.006000816,90.1347,7.67453,0,0,2.190762
0.006223069,90.39054,8.370943,0,1.238518,0
0.006445321,90.354,6.887452,0,1.575708,1.182842
0.006667574,90.96291,8.134763,0,0,0.902324
0.006889826,89.98032,9.15943,0,0.860247,0
0.007112079,87.30973,8.081772,2.031749,2.576746,0
0.007334331,94.88353,5.11647,0,0,0
0.007556584,90.4865,8.226934,0,0,1.28656
0.007778836,86.43472,7.684195,1.27104,0,4.610053
0.008001089,91.14159,8.858413,0,0,0
0.008223341,88.32838,7.589113,0.081965,0.230495,3.770048
0.008445593,93.85545,5.804971,0,0.339578,0
0.008667846,97.39116,1.669381,0.175888,0.304299,0.459274
0.008890098,84.49176,8.625744,0.825655,0.793224,5.263618
0.009112351,85.87145,8.042671,2.640605,0.951085,2.494188
0.009334603,90.08672,9.913273,0,0,0
0.009556856,86.64787,7.849831,0,0,5.502296
0.009779108,89.70729,7.145089,0,0,3.147621
0.010001361,93.38804,6.611962,0,0,0
0.010223613,92.74036,5.308325,0.020626,1.930695,0
0.010445866,89.30039,7.086262,0.221961,0.892726,2.498657
0.010668118,87.42693,5.960534,2.522902,0.986037,3.103595
0.010890371,92.96738,7.032626,0,0,0
0.011112623,91.64391,6.990847,0.345631,1.019619,0
0.011334875,87.87119,7.967891,0.866754,0.070712,3.223461
0.011557128,91.74186,7.446858,0,0.811284,0
0.01177938,94.91919,4.104874,0.97594,0,0
0.012001633,87.61995,6.568268,0,0.644107,5.167673
0.012223885,87.52258,10.53483,0,1.942595,0
0.012446138,91.49407,8.505927,0,0,0
0.01266839,95.47868,4.521327,0,0,0
0.012890643,93.05099,4.848546,0.557045,1.543422,0
0.013112895,88.4325,11.14374,0,0.423757,0
0.013335148,91.23049,4.873873,0.280301,0,3.615338
0.0135574,88.06976,11.02846,0,0.203185,0.698597
0.013779653,90.94717,4.535317,1.873963,0.673906,1.969639
0.014001905,90.64456,7.885473,1.469967,0,0
0.014224157,88.32677,7.195698,1.225636,0.250023,3.001873
0.01444641,88.37912,4.588487,0.588849,0.335719,6.107829
0.014668662,89.89945,9.654039,0.446507,0,0
0.014890915,91.15902,4.798995,0,0.981181,3.060807
0.015113167,89.59923,5.888865,0,1.33441,3.177495
0.01533542,92.65225,6.045008,0,1.231172,0.07157
0.015557672,91.91651,4.090959,0,1.777067,2.21546
0.015779925,82.82635,8.935182,0.696019,2.609886,4.932567
0.016002177,92.62457,2.587832,0.88869,1.689011,2.209896
0.01622443,93.80508,3.494946,0.032684,1.096264,1.571032
0.016446682,90.91074,7.435417,1.241037,0.412803,0
0.016668935,90.67776,8.309999,0,0,1.012235
0.016891187,83.98664,9.840385,0,3.580858,2.592113
0.017113439,91.96024,7.141811,0.556042,0.308148,0.033759
0.017335692,91.79021,5.356531,0.760234,1.766324,0.326699
0.017557944,92.48046,7.347079,0,0.172462,0
0.017780197,88.72139,9.555982,1.722631,0,0
0.018002449,92.03248,7.967521,0,0,0
0.018224702,88.62765,9.089231,0,0,2.283123
0.018446954,89.53204,10.46795,0,0,0
0.018669207,86.79166,9.715054,0.080283,3.413006,0
0.018891459,92.39788,7.47388,0,0,0.128242
0.019113712,90.08971,7.70244,0.928795,0,1.279048
0.019335964,92.44291,7.296096,0,0.260992,0
0.019558216,92.07101,7.928992,0,0,0
0.019780469,90.91706,7.740527,0.235827,0,1.106586
0.020002721,89.19256,9.321568,1.485876,0,0
0.020224974,92.95113,5.723739,1.325126,0,0
0.020447226,87.98584,10.0071,0,0.082258,1.924802
0.020669479,84.38693,10.49525,0,0,5.117816
0.020891731,91.02885,6.772334,0,0,2.198819
0.021113984,94.3478,5.097933,0,0,0.554269
0.021336236,86.90986,11.07175,1.515716,0,0.50268
0.021558489,94.29684,3.357758,0,0.665787,1.67962
0.021780741,87.7255,9.597971,1.193097,1.483427,0
0.022002994,85.52921,5.020001,0,2.911056,6.539733
0.022225246,88.56544,5.677317,2.454418,1.728082,1.574738
0.022447498,88.59187,8.037893,2.518013,0.852228,0
0.022669751,90.55245,7.961724,0,0.426261,1.059561
0.022892003,87.09392,6.483001,0.004392,0,6.418688
0.023114256,94.75163,3.46444,0,1.783925,0
0.023336508,87.92073,6.008119,1.322801,0.581053,4.1673
0.023558761,84.11,11.66106,0,0,4.228946
0.023781013,91.57983,5.161777,2.925413,0,0.332985
0.024003266,92.45442,7.545579,0,0,0
0.024225518,93.56003,6.308954,0,0.131018,0
0.024447771,92.72704,4.777027,2.016697,0.479231,0
0.024670023,92.76422,7.23578,0,0,0
0.024892276,90.3393,8.710772,0,0,0.949925
0.025114528,89.32014,7.211736,0,0,3.468122
0.02533678,90.30991,8.584264,0,1.105826,0
0.025559033,91.14684,7.186703,0,0.28137,1.385082
0.025781285,97.90396,1.73983,0,0.356211,0
0.026003538,90.56294,7.77356,0,0,1.663497
0.02622579,85.20554,8.380186,1.971272,0.304119,4.13888
0.026448043,92.35049,6.738676,0,0.910829,0
0.026670295,90.09604,8.721824,0,0.463084,0.719055
0.026892548,86.91026,10.52828,0.024954,1.045502,1.490995
0.0271148,89.375,5.214862,0.689408,0,4.720731
0.027337053,90.95453,7.038589,0,2.006886,0
0.027559305,93.23646,6.763539,0,0,0
0.027781558,89.20911,10.79089,0,0,0
0.02800381,83.26003,6.958066,3.285356,1.22177,5.274776
0.028226062,91.34778,5.227495,1.63093,1.793795,0
0.028448315,87.75628,8.818262,0,1.074527,2.35093
0.028670567,91.20851,5.080136,0,0,3.711355
0.02889282,92.07086,7.680467,0,0.248672,0
0.029115072,87.52232,7.104336,0.149793,5.223547,0
0.029337325,89.19165,8.910349,0,1.898002,0
0.029559577,89.08761,7.696547,0,0.328823,2.887019
0.02978183,88.59621,11.37924,0,0,0.024543
0.030004082,88.16923,6.005302,0,0.178308,5.647163
0.030226335,85.96571,9.018287,0,0,5.016005
0.030448587,89.99339,7.010595,0,0.834938,2.161073
0.030670839,95.1122,2.644473,0,1.940699,0.302628
0.030893092,83.06236,15.0119,0,0,1.92575
0.031115344,92.75132,6.247838,1.000843,0,0
0.031337597,89.63676,8.45391,1.909336,0,0
0.031559849,90.66924,5.765926,1.959313,1.605516,0
0.031782102,91.68063,5.97819,0,1.073297,1.267882
0.032004354,87.29664,6.726903,2.201748,0,3.774714
0.032226607,87.79189,12.20811,0,0,0
0.032448859,88.15063,6.658393,0,5.19098,0
0.032671112,89.67992,10.32008,0,0,0
0.032893364,85.98151,9.974523,0,0,4.043961
0.033115617,90.01371,9.35232,0.476488,0,0.157482
0.033337869,90.80071,8.29124,0,0.908046,0
0.033560121,90.31308,9.68692,0,0,0
0.033782374,89.63808,7.377214,0,0,2.98471
0.034004626,93.24883,6.751174,0,0,0
0.034226879,89.09843,8.120706,0.004897,1.386431,1.389531
0.034449131,89.91898,7.881434,1.670984,0,0.5286
0.034671384,90.63466,6.873376,0,1.142788,1.349176
0.034893636,92.04568,4.214332,0.327304,3.412691,0
0.035115889,88.81785,7.894387,0.851095,0.985851,1.450819
0.035338141,85.79073,11.75359,2.278219,0,0.177463
0.035560394,88.34053,7.069298,0.260287,1.493449,2.836438
0.035782646,88.65964,7.644321,0,2.175811,1.520233
0.036004899,88.50766,7.606645,1.592518,0.352091,1.941087
0.036227151,87.34443,6.840054,0,1.097626,4.717888
0.036449403,89.62875,6.629035,0,3.23212,0.510099
0.036671656,84.6824,6.571581,0,0,8.746019
0.036893908,90.72909,6.582356,0,2.688558,0
0.037116161,96.05923,3.335149,0.319672,0,0.285947
0.037338413,89.12644,3.995303,0,1.370162,5.508096
0.037560666,88.80091,8.295383,2.903704,0,0
0.037782918,88.94321,11.05679,0,0,0
0.038005171,92.40853,6.891356,0,0.700115,0
0.038227423,89.23706,6.04936,0,0.115372,4.598211
0.038449676,90.27932,3.130952,3.556921,1.963891,1.068918
0.038671928,90.38898,6.124009,0.133778,1.191557,2.161683
0.038894181,94.4858,4.789661,0,0.724535,0
0.039116433,93.94235,6.057647,0,0,0
0.039338685,91.45195,7.316208,0,0,1.231839
0.039560938,93.81015,4.245919,0,1.943928,0
0.03978319,94.58565,4.051193,0,1.363158,0
0.040005443,89.15081,6.947906,0,3.339345,0.561938
0.040227695,91.19281,3.451753,0,0,5.355438
0.040449948,83.6925,10.78061,0,0,5.52688
0.0406722,86.14981,13.16179,0,0,0.688396
0.040894453,90.32039,6.717938,0,0.387628,2.574043
0.041116705,89.89093,2.891311,3.431528,1.340156,2.446072
0.041338958,95.27139,4.728606,0,0,0
0.04156121,94.5293,3.097583,2.373121,0,0
0.041783463,86.97066,8.294028,4.735311,0,0
0.042005715,85.08275,8.192325,0.947602,4.332773,1.444551
0.042227967,86.59531,11.29955,0,1.022724,1.082408
0.04245022,86.81097,9.930329,0,0,3.258698
0.042672472,88.20707,11.68639,0.106541,0,0
0.042894725,93.89084,3.396374,0.314704,1.737421,0.660661
0.043116977,96.6106,2.295092,0,0,1.094311
0.04333923,93.20699,5.466136,0,0,1.326869
0.043561482,85.78617,6.200745,0,2.104658,5.908423
0.043783735,91.87542,8.103604,0,0,0.020979
0.044005987,87.23612,9.64508,1.042424,2.076375,0
0.04422824,87.29218,8.158417,0,1.57548,2.973931
0.044450492,92.25803,6.638006,0,1.103958,0
0.044672744,85.29231,8.528779,0,0,6.17891
0.044894997,82.74832,10.39313,1.817611,3.008782,2.032157
0.045117249,84.73515,9.830161,0.501502,2.04379,2.889395
0.045339502,88.59452,8.126033,2.511364,0,0.768082
0.045561754,91.42069,4.60972,1.742987,2.226597,0
0.045784007,91.47807,4.074678,0.43979,3.041928,0.965533
0.046006259,86.03675,8.555782,0.649869,3.304301,1.453298
0.046228512,91.05402,7.977978,0,0.308008,0.659995
0.046450764,85.64192,11.72056,0.13297,2.504543,0
0.046673017,95.99287,3.823147,0.183988,0,0
0.046895269,91.04597,7.993725,0,0.561092,0.399214
0.047117522,89.23875,9.881877,0.376715,0,0.502665
0.047339774,88.49585,10.80703,0,0.697118,0
0.047562026,92.87788,5.018268,1.050767,0.355797,0.697282
0.047784279,88.76886,9.534729,0,1.696411,0
0.048006531,91.78858,5.11658,0,3.031723,0.063114
0.048228784,85.63948,10.72605,0.953196,0.078158,2.603115
0.048451036,88.67751,11.3225,0,0,0
0.048673289,90.47007,5.429679,0,0,4.10025
0.048895541,94.83155,5.168449,0,0,0
0.049117794,89.99754,9.513274,0,0.489184,0
0.049340046,91.71844,7.390448,0,0,0.891107
0.049562299,89.34719,7.758453,0,0.850065,2.044288
0.049784551,94.01106,4.564314,1.424627,0,0
0.050006804,91.31239,6.363504,0,2.324111,0
0.050229056,82.71577,11.15727,0,0,6.126961
0.050451308,90.80079,4.805554,0,2.534275,1.859384
0.050673561,89.46884,6.561316,1.684084,0.511767,1.773989
0.050895813,89.09241,8.215878,0.573189,2.118526,0
0.051118066,92.53474,7.465264,0,0,0
0.051340318,91.28835,6.901824,1.595868,0.213966,0
0.051562571,90.57646,8.778338,0.197337,0.401724,0.04614
0.051784823,95.0196,4.286069,0,0,0.694327
0.052007076,89.12674,8.11635,0.92539,0.028075,1.803448
0.052229328,92.93385,3.979138,2.51324,0,0.573781
0.052451581,84.54866,6.764666,4.219667,2.279729,2.187281
0.052673833,91.69713,7.114871,0,1.187999,0
0.052896086,94.8299,4.355635,0,0.814463,0
0.053118338,89.19363,8.017765,0,0,2.788606
0.05334059,92.92508,2.329968,0,0.964009,3.780946
0.053562843,93.90932,6.090684,0,0,0
0.053785095,89.83424,8.886955,0,1.278812,0
0.054007348,92.05476,7.430246,0,0,0.514996
0.0542296,88.93885,11.06115,0,0,0
0.054451853,88.01282,10.15453,0,0.008969,1.82369
0.054674105,90.65952,6.867826,0,2.472648,0
0.054896358,88.34241,9.337131,2.284428,0.036025,0
0.05511861,90.48782,4.676169,0,2.504934,2.331075
0.055340863,93.18575,5.777833,0,1.036417,0
0.055563115,88.3519,10.9673,0.162863,0,0.517939
0.055785367,91.34397,6.147622,2.253306,0.255104,0
0.05600762,89.73902,10.26097,0,0,0
0.056229872,91.13689,6.425291,0.795811,0.457594,1.184416
0.056452125,86.777,5.338256,0.491886,1.831311,5.561547
0.056674377,91.79018,5.406891,2.802932,0,0
0.05689663,86.8332,9.497147,0.63364,0,3.036015
0.057118882,93.13877,5.565965,0,0,1.295262
0.057341135,87.84932,9.210825,0.665561,0.437981,1.836311
0.057563387,91.66264,6.8322,0.468539,0,1.036628
0.05778564,92.2524,6.784659,0.812793,0.150141,0
0.058007892,89.62234,8.24075,1.884891,0,0.252014
0.058230145,94.99957,1.239776,0,0,3.760651
0.058452397,84.80812,10.37788,0,2.015568,2.798424
0.058674649,87.76474,9.253273,2.981986,0,0
0.058896902,85.99365,10.85723,0,0,3.149114
0.059119154,92.65162,6.358809,0,0.98957,0
0.059341407,87.83771,10.97331,1.188975,0,0
0.059563659,83.94656,11.92171,0.398341,2.464468,1.268917
0.059785912,82.09322,12.46297,0,0,5.44381
0.060008164,88.2709,8.844843,0,1.844748,1.039508
0.060230417,93.62642,6.373582,0,0,0
0.060452669,87.12139,11.7726,0,0.12789,0.978113
0.060674922,90.7259,7.773994,0,0,1.500111
0.060897174,90.93235,6.662339,0.744625,1.660687,0
0.061119427,85.74993,14.11503,0,0,0.135038
0.061341679,93.07778,5.593965,0,0.195944,1.13231
0.061563931,80.94983,7.081931,0.501051,1.371901,10.09529
0.061786184,91.80247,6.491151,0,0.620241,1.086141
0.062008436,92.11819,6.260053,0.199426,1.42233,0
0.062230689,91.86485,2.928538,0.435919,0,4.770699
0.062452941,86.25267,10.77899,0.630217,2.338128,0
0.062675194,86.2955,10.78738,0,0.620847,2.296267
0.062897446,88.39631,8.6146,2.813562,0.175529,0
0.063119699,89.74934,10.25066,0,0,0
0.063341951,88.79581,6.580705,0,0,4.623485
0.063564204,93.81715,6.182847,0,0,0
0.063786456,88.2387,3.61003,7.241987,0,0.90928
0.064008709,81.7373,14.14587,2.142051,0.496168,1.478611
0.064230961,91.7776,6.266888,0,1.955511,0
0.064453213,92.41701,6.145322,0,1.437672,0
0.064675466,89.27238,10.5834,0,0,0.144218
0.064897718,89.94007,6.599832,0,2.564494,0.895606
0.065119971,85.38419,6.638899,4.381349,2.917846,0.677716
0.065342223,83.23497,12.86164,0,0,3.903392
0.065564476,90.76966,7.218804,0,2.011537,0
0.065786728,84.19467,10.39207,0,1.833062,3.580198
0.066008981,82.56469,13.53651,1.161138,2.0047,0.732966
0.066231233,82.88808,12.22272,1.944747,0,2.944462
0.066453486,88.32129,6.253896,2.536226,2.888587,0
0.066675738,92.99934,7.000661,0,0,0
0.06689799,90.44012,7.598041,0,1.961846,0
0.067120243,90.62011,8.270441,1.109449,0,0
0.067342495,88.31443,11.56753,0,0.118039,0
0.067564748,86.41103,11.57521,1.12074,0,0.893017
0.067787,96.09467,1.388769,0.588844,1.872479,0.055241
0.068009253,91.63934,6.465194,0.331967,0.065745,1.497752
0.068231505,86.78787,9.570442,2.206698,1.434984,0
0.068453758,85.82646,11.33817,0.437733,0.194991,2.20264
0.06867601,87.8119,12.1881,0,0,0
0.068898263,87.03329,11.73961,0,1.227094,0
0.069120515,89.61497,6.625457,0.76611,1.47426,1.519202
0.069342768,86.86318,9.147232,2.994043,0.005356,0.990184
0.06956502,89.78756,8.57448,0.352105,1.285852,0
0.069787272,89.77518,6.846547,0,1.303714,2.074563
0.070009525,90.14538,7.144418,0,1.139362,1.57084
0.070231777,88.49892,10.4369,0,0,1.064178
0.07045403,85.52959,11.67081,0.854773,1.944824,0
0.070676282,92.52882,6.399364,0,1.071815,0
0.070898535,87.60358,6.190073,0.192471,0,6.013871
0.071120787,89.88541,7.009663,0.858184,0,2.246743
0.07134304,78.85976,11.35136,1.844624,2.023073,5.921184
0.071565292,87.04317,9.372435,0,1.16531,2.41909
0.071787545,86.96349,8.614546,2.065938,2.356023,0
0.072009797,89.52623,9.106598,0,0.858342,0.508828
0.07223205,92.92799,7.072017,0,0,0
0.072454302,91.37978,8.480834,0,0.139391,0
0.072676554,86.43584,10.45291,0,0,3.111245
0.072898807,93.82176,4.312139,1.064048,0.80205,0
0.073121059,90.58518,5.670635,0,2.58184,1.162346
0.073343312,90.24628,5.643218,3.623071,0.470778,0.016657
0.073565564,92.00833,7.909735,0,0,0.081935
0.073787817,87.70977,9.420225,0,1.485768,1.384234
0.074010069,93.33012,6.669874,0,0,0
0.074232322,88.0032,7.274667,2.493061,2.229073,0
0.074454574,81.80871,8.25257,3.416349,0,6.52237
0.074676827,88.07722,6.021561,3.899067,2.002144,0
0.074899079,89.6484,5.879768,0,0,4.471833
0.075121332,91.38313,6.723341,0,0,1.893529
0.075343584,87.28573,10.63866,0,0.309926,1.765686
0.075565836,91.46944,6.680046,1.850507,0,0
0.075788089,89.38607,10.37095,0.147194,0.095782,0
0.076010341,87.07418,7.480422,0,0,5.4454
0.076232594,91.24188,7.435553,0.618549,0.704017,0
0.076454846,92.29012,5.740419,0.627267,1.342201,0
0.076677099,89.10825,9.42791,0,0,1.463843
0.076899351,92.49222,5.166967,1.836496,0.074552,0.429763
0.077121604,88.49272,6.741212,1.925994,2.840074,0
0.077343856,88.59444,4.595145,2.01878,1.951818,2.839809
0.077566109,88.90269,10.03429,0,0,1.063022
0.077788361,95.55225,3.305144,0,0,1.142604
0.078010614,90.09889,9.901109,0,0,0
0.078232866,84.81044,14.12875,0,1.060812,0
0.078455118,90.71148,8.450642,0,0.579307,0.258576
0.078677371,88.41662,9.123305,0,0,2.460075
0.078899623,89.37492,8.488162,0,0.998905,1.138009
0.079121876,92.31102,5.985733,0.487877,0,1.215367
0.079344128,87.25823,10.1678,0.256666,0.198983,2.118318
0.079566381,91.15052,7.703807,1.145671,0,0
0.079788633,90.14669,8.844497,0,0.095914,0.912897
0.080010886,89.18958,9.95905,0.851374,0,0
0.080233138,87.83707,7.805877,0,2.736885,1.62017
0.080455391,94.19459,3.209222,0,0.526673,2.069515
0.080677643,90.55924,9.440757,0,0,0
0.080899895,87.58284,11.37206,0,0,1.045102
0.081122148,89.67419,9.463285,0,0,0.862526
0.0813444,87.02463,10.995,0,0,1.980374
0.081566653,91.43263,8.427341,0.140024,0,0
0.081788905,88.56107,5.921881,0,1.133298,4.383756
0.082011158,85.79716,9.081333,0,0,5.121499
0.08223341,86.61491,8.297572,0,0,5.087523
0.082455663,91.33455,6.160694,2.504754,0,0
0.082677915,83.04685,11.73351,2.67902,2.540617,0
0.082900168,83.31917,15.30093,0.479844,0,0.90006
0.08312242,87.8806,7.909724,0.496518,0.940165,2.772995
0.083344673,92.45466,4.219695,2.294845,0,1.030803
0.083566925,89.98124,3.980859,0,1.831423,4.206483
0.083789177,93.16173,6.278072,0.560203,0,0
0.08401143,90.40472,9.315945,0.279341,0,0
0.084233682,91.01215,7.499714,0.913403,0.302812,0.271921
0.084455935,89.95281,6.802656,0,3.24453,0
0.084678187,88.70049,9.54119,0.158346,0.133406,1.466561
0.08490044,84.88555,11.24715,0.266499,0,3.600801
0.085122692,85.12756,5.963609,3.686694,0,5.222139
0.085344945,89.71304,6.79479,0.246572,0.049767,3.195828
0.085567197,87.53645,8.092948,2.459974,0,1.910635
0.08578945,93.43291,4.020456,0.064546,0,2.482082
0.086011702,84.2164,9.96681,0,2.043765,3.773025
0.086233955,87.49479,9.890057,0,0.84703,1.768125
0.086456207,88.14826,6.82515,0,3.851621,1.174967
0.086678459,95.1124,3.499245,0,1.388352,0
0.086900712,93.76812,5.455842,0,0,0.776037
0.087122964,93.44547,6.082862,0,0,0.47167
0.087345217,84.83093,9.458214,0.204096,1.25126,4.255501
0.087567469,94.0908,5.005404,0.275512,0,0.628287
0.087789722,91.38861,5.309459,0.276299,0,3.025632
0.088011974,86.64092,6.768556,0,0.83683,5.75369
0.088234227,90.1803,7.587942,0.0186,2.21316,0
0.088456479,88.48949,7.708253,0.66245,1.487657,1.652145
0.088678732,84.09021,9.598624,0,1.704879,4.60629
0.088900984,85.6679,13.05076,0.137701,1.143635,0
0.089123237,84.73539,10.40668,2.875478,1.982448,0
0.089345489,89.61226,10.38774,0,0,0
0.089567741,90.85232,7.224954,0,1.922728,0
0.089789994,89.92848,8.271342,0,0,1.800174
0.090012246,92.60301,4.800032,0,2.596957,0
0.090234499,92.96463,5.644911,0,1.065412,0.325044
0.090456751,93.48698,6.513014,0,0,0
0.090679004,82.33161,10.14493,0.507529,2.037054,4.978881
0.090901256,94.37251,5.600576,0.02691,0,0
0.091123509,79.92994,12.10722,0,2.217999,5.744842
0.091345761,89.33208,8.638489,0,0.761351,1.268075
0.091568014,88.87408,5.027582,0.591224,2.143239,3.363872
0.091790266,90.44041,6.961653,0.361391,2.236541,0
0.092012518,90.15074,7.892805,0.409969,1.018434,0.52805
0.092234771,92.21947,3.977847,1.868169,0,1.93451
0.092457023,86.71407,13.28593,0,0,0
0.092679276,89.1765,10.8235,0,0,0
0.092901528,87.49909,10.9673,0.616209,0.9174,0
0.093123781,86.89825,9.223793,1.543736,0.016179,2.318043
0.093346033,89.96004,9.339458,0.7005,0,0
0.093568286,91.97647,8.023533,0,0,0
0.093790538,89.64647,5.05065,1.21764,1.116152,2.96909
0.094012791,82.58363,8.422352,1.258321,3.765373,3.970325
0.094235043,83.44712,9.524603,0.281022,0,6.747255
0.094457296,91.98971,5.080912,0,1.248161,1.681217
0.094679548,88.70526,10.38145,0,0.91329,0
0.0949018,92.7476,4.176234,0.31421,2.761954,0
0.095124053,90.04622,8.748371,1.205406,0,0
0.095346305,91.97274,7.092701,0,0,0.934561
0.095568558,87.30866,6.902226,0,1.002635,4.786474
0.09579081,84.82271,12.55327,0,2.624023,0
0.096013063,91.33594,5.434206,0.536605,2.245978,0.447273
0.096235315,91.44589,5.408422,0,0.260617,2.885067
0.096457568,90.89368,9.10632,0,0,0
0.09667982,87.38945,9.827954,0.035681,0.02941,2.717503
0.096902073,89.29198,7.445838,0.342452,0.270923,2.64881
0.097124325,90.42428,5.574481,0,4.001237,0
0.097346578,89.23849,5.288764,0.144322,3.108797,2.21963
0.09756883,85.11955,8.358043,0.41584,0.65885,5.447712
0.097791082,87.60954,9.334373,1.612689,1.443401,0
0.098013335,89.44193,8.135465,0,0,2.422604
0.098235587,86.16451,8.765507,1.660303,0,3.409675
0.09845784,90.8791,4.633831,0.719608,1.578925,2.188537
0.098680092,90.30241,8.751434,0.69779,0.24837,0
0.098902345,91.31941,7.775443,0,0.890178,0.01497
0.099124597,84.80173,10.66404,2.087924,1.129526,1.316787
0.09934685,81.49605,8.499568,2.78123,0.590627,6.632523
0.099569102,90.67197,8.486259,0,0.841776,0
0.099791355,82.2913,12.83668,2.604581,0.988221,1.279223
0.100013607,91.90606,6.967456,0,0.115433,1.01105
0.10023586,86.76769,9.243145,0,0.187669,3.801492
0.100458112,92.18922,6.443738,1.073351,0.293695,0
0.100680364,89.38171,8.132113,0,0,2.48618
0.100902617,88.53096,8.055773,1.863349,1.549915,0
0.101124869,89.19362,8.741227,0,0,2.065158
0.101347122,87.52474,9.142533,0,1.517105,1.81562
0.101569374,85.16132,11.87029,1.526778,1.441615,0
0.101791627,91.55569,6.214815,0,1.749902,0.479593
0.102013879,88.22217,8.317712,1.356854,0.956372,1.146891
0.102236132,89.6592,7.230684,0,3.110116,0
0.102458384,87.32828,7.948765,3.918069,0.804887,0
0.102680637,82.68274,7.115403,6.135721,2.686697,1.379438
0.102902889,88.07415,5.743642,0.886822,1.472323,3.823061
0.103125141,82.02614,9.758999,5.761324,2.45354,0
0.103347394,85.86145,11.24241,2.89614,0,0
0.103569646,86.24424,9.708453,4.047305,0,0
0.103791899,90.22376,7.196156,2.206357,0.373728,0
0.104014151,82.81307,15.37793,0.407785,0,1.401214
0.104236404,85.23484,10.57533,3.339161,0.850669,0
0.104458656,86.39674,8.618108,2.222897,2.762253,0
0.104680909,92.02482,7.97518,0,0,0
0.104903161,90.45489,6.670869,2.87424,0,0
0.105125414,89.04813,7.488852,1.834668,1.628354,0
0.105347666,78.58877,12.37642,5.610343,3.082733,0.341729
0.105569919,86.08403,11.75657,0,2.159398,0
0.105792171,85.52518,6.983294,1.36736,3.265907,2.858257
0.106014423,79.82989,13.16848,1.185904,4.567472,1.248254
0.106236676,89.21323,7.646627,0.763106,1.34349,1.033549
0.106458928,85.19033,12.11388,2.305182,0.39061,0
0.106681181,86.69357,11.9019,0,0.927658,0.476874
0.106903433,82.90254,10.68091,3.74059,0,2.675955
0.107125686,85.68252,11.65273,2.399903,0,0.264847
0.107347938,87.40675,9.259157,3.083091,0.251005,0
0.107570191,82.18314,11.06363,0.110682,0.751081,5.891465
0.107792443,84.08973,8.037834,5.201336,1.523547,1.147553
0.108014696,84.4493,13.33124,1.383791,0.835668,0
0.108236948,83.62312,11.37264,3.344161,1.150503,0.509575
0.108459201,78.64033,11.947,7.233968,2.178708,0
0.108681453,79.26769,13.84524,4.187184,2.680533,0.01935
0.108903705,82.94678,14.12048,0.436938,0.36,2.135797
0.109125958,85.65316,4.909754,1.732824,2.897787,4.806474
0.10934821,78.67708,13.22539,7.024695,1.072835,0
0.109570463,81.88773,7.772835,9.440637,0.090553,0.808245
0.109792715,83.23558,10.02424,2.614609,0.793937,3.33163
0.110014968,71.1292,13.38629,5.196984,4.088185,6.199351
0.11023722,83.19079,15.547,1.262208,0,0
0.110459473,75.43208,14.97176,6.836985,1.349854,1.409316
0.110681725,84.28904,11.30144,3.745632,0,0.663885
0.110903978,83.19421,11.72179,3.48582,0.65729,0.940897
0.11112623,80.79678,9.445777,9.757441,0,0
0.111348483,72.41957,15.33313,8.476036,0,3.771268
0.111570735,74.95282,15.36401,7.118584,1.0087,1.555879
0.111792987,82.22276,11.34687,6.018516,0,0.411852
0.11201524,74.95186,16.06285,4.361578,0,4.623714
0.112237492,80.33437,8.577818,4.407351,0.458736,6.221731
0.112459745,69.86164,13.87247,10.73948,1.686474,3.839934
0.112681997,76.58231,10.2746,8.598992,4.54411,0
0.11290425,77.82796,12.63767,8.691935,0.528729,0.313708
0.113126502,72.38941,14.85094,5.660871,5.033835,2.064941
0.113348755,82.72406,9.676096,5.55781,2.042036,0
0.113571007,76.74336,15.16127,7.929293,0.166078,0
0.11379326,74.54415,15.58265,9.189123,0.684073,0
0.114015512,80.37782,11.08946,8.483779,0.048948,0
0.114237765,76.73351,10.41925,6.639172,0,6.208063
0.114460017,71.84361,11.45105,5.07157,1.382447,10.25133
0.114682269,75.93542,17.85202,2.16867,2.190838,1.853054
0.114904522,78.38672,14.87943,6.733856,0,0
0.115126774,74.01084,18.73117,5.103154,2.135567,0.019269
0.115349027,74.52983,10.5905,9.693748,4.005646,1.180276
0.115571279,69.22803,14.00303,12.97629,2.626229,1.166404
0.115793532,69.54664,19.37503,6.604909,0,4.47342
0.116015784,70.14033,16.06068,11.39554,2.403447,0
0.116238037,81.61231,7.732871,8.711918,1.942896,0
0.116460289,70.24171,20.69349,6.938624,2.126176,0
0.116682542,69.28329,20.4526,7.53152,2.132021,0.600565
0.116904794,75.67131,11.52221,11.05412,1.752358,0
0.117127046,71.23943,17.21031,10.45967,0,1.090586
0.117349299,73.85421,15.67062,10.47518,0,0
0.117571551,81.12876,15.94665,2.924589,0,0
0.117793804,74.07043,12.34229,10.33874,3.248537,0
0.118016056,73.06727,15.03187,9.571042,2.329821,0
0.118238309,67.91942,13.84918,12.87983,0.959755,4.391817
0.118460561,72.0687,15.9879,6.588431,0.863172,4.4918
0.118682814,75.76946,15.36488,8.865653,0,0
0.118905066,68.30038,13.16521,12.23493,4.191,2.108481
0.119127319,66.87729,17.67632,13.04522,2.401175,0
0.119349571,71.77246,19.73203,8.495502,0,0
0.119571824,69.90474,15.3381,9.354615,0,5.402546
0.119794076,63.26904,12.37012,17.04294,4.076663,3.241234
0.120016328,74.04599,17.24505,7.925758,0.7832,0
0.120238581,70.98078,20.1992,8.193186,0.626833,0
0.120460833,74.3297,16.83703,3.825923,2.49398,2.513367
0.120683086,71.95316,15.26971,10.07533,0,2.7018
0.120905338,70.76709,18.72846,10.50445,0,0
0.121127591,74.87088,17.1282,5.405833,2.595091,0
0.121349843,66.59251,14.17098,12.52457,6.711941,0
0.121572096,66.1931,19.77454,14.03236,0,0
0.121794348,67.94364,10.59201,12.87779,1.587395,6.999165
0.122016601,71.79536,18.93354,8.018153,0,1.25295
0.122238853,66.76909,14.42762,15.73964,0,3.063653
0.122461106,68.00846,12.76969,7.775207,3.815902,7.630745
0.122683358,71.17838,15.58631,10.74414,1.133946,1.357221
0.12290561,67.19872,17.00379,15.33934,0,0.458156
0.123127863,71.76791,14.76094,10.74974,2.721415,0
0.123350115,72.12329,11.56604,13.92751,0.876204,1.506957
0.123572368,67.23702,17.77919,11.13824,2.387327,1.458218
0.12379462,70.53813,17.79583,9.593061,1.862978,0.210001
0.124016873,72.19721,16.55004,6.640347,4.612399,0
0.124239125,75.04217,12.39554,7.406373,5.155918,0
0.124461378,71.71993,12.77385,14.0809,0,1.425313
0.12468363,75.91112,15.75388,2.187434,3.448078,2.699493
0.124905883,72.81501,14.34144,12.84355,0,0
0.125128135,72.15714,13.11756,12.59057,2.134733,0
0.125350388,68.69164,20.06535,9.05766,2.18535,0
0.12557264,71.9648,11.80672,10.68394,2.933854,2.610696
0.125794892,67.04162,21.85577,9.952,1.150611,0
0.126017145,69.43615,20.03476,10.52909,0,0
0.126239397,72.40456,11.34332,14.40044,1.851673,0
0.12646165,65.43437,17.9226,12.21093,4.432104,0
0.126683902,77.70856,13.63922,8.367956,0,0.284257
0.126906155,78.56149,17.18555,2.809,1.443971,0
0.127128407,68.52547,11.71881,9.063678,2.340194,8.351848
0.12735066,71.39574,18.82985,8.465793,1.308614,0
0.127572912,69.99956,16.93146,7.592308,5.476671,0
0.127795165,72.9054,19.58969,5.824038,1.680879,0
0.128017417,69.34972,10.57194,12.36319,1.557973,6.157177
0.128239669,72.96509,16.27911,8.399644,2.356155,0
0.128461922,73.53087,14.21545,9.405068,1.00518,1.843437
0.128684174,70.12041,20.2562,8.636305,0.335312,0.651776
0.128906427,68.75712,19.34665,6.416012,3.107354,2.372861
0.129128679,66.76685,13.82469,14.10796,5.300507,0
0.129350932,78.84938,14.91573,0.899677,5.335208,0
0.129573184,75.40469,18.09709,3.880072,2.618145,0
0.129795437,68.39938,16.28394,11.95573,3.360952,0
0.130017689,69.66771,19.46918,6.306681,2.536425,2.020006
0.130239942,72.71408,11.3714,14.21131,1.703214,0
0.130462194,61.70491,19.87877,14.29559,4.120729,0
0.130684447,64.66858,14.75629,13.72765,1.19224,5.655236
0.130906699,72.54652,15.57862,5.779806,4.269611,1.825441
0.131128951,75.89952,10.70829,12.10093,0.869012,0.422247
0.131351204,68.99685,15.59504,8.515404,0.68061,6.212094
0.131573456,73.137,18.6114,4.348971,0,3.902625
0.131795709,73.42265,17.22463,7.194961,2.157763,0
0.132017961,72.99149,16.52775,6.029375,4.451383,0
0.132240214,74.33905,9.565553,10.58979,5.505605,0
0.132462466,70.72804,12.94991,9.551641,5.654706,1.115702
0.132684719,70.49685,10.53104,10.44216,5.479856,3.050093
0.132906971,71.29499,19.55536,8.53414,0.615504,0
0.133129224,74.75013,16.11572,7.947195,0.327589,0.859367
0.133351476,74.30528,15.91875,8.30779,0.930406,0.537767
0.133573729,74.66049,11.18492,7.594423,2.427697,4.13247
0.133795981,68.55338,12.58498,11.99134,3.670062,3.200227
0.134018233,69.72112,13.46156,11.64538,1.394733,3.777204
0.134240486,74.54515,15.21959,7.207285,2.174419,0.853558
0.134462738,72.11652,18.67847,7.604009,1.601005,0
0.134684991,68.65555,12.39716,15.78632,1.866709,1.294266
0.134907243,66.31861,14.56501,14.07059,3.089327,1.956454
0.135129496,72.78945,15.96734,7.704524,0,3.538688
0.135351748,68.04179,13.12733,11.06774,4.57016,3.192972
0.135574001,68.13438,16.07483,12.05448,3.410521,0.325792
0.135796253,65.61743,19.13016,10.50762,1.71656,3.028225
0.136018506,79.32803,13.95857,4.223327,2.08903,0.401043
0.136240758,78.99142,12.81487,8.193704,0,0
0.136463011,68.99776,18.59828,9.774504,0.411601,2.217855
0.136685263,76.77186,14.58135,6.351626,0,2.295169
0.136907515,69.40917,16.4322,12.98737,0.150482,1.020784
0.137129768,63.76228,16.29777,19.93995,0,0
0.13735202,74.10944,10.07046,9.928302,5.891804,0
0.137574273,70.05591,20.76311,9.180988,0,0
0.137796525,73.29124,14.6824,9.772598,1.345309,0.908451
0.138018778,73.56858,14.25276,7.634293,0.792494,3.751876
0.13824103,70.2069,14.94462,8.030173,4.010364,2.807946
0.138463283,72.88321,13.16062,6.777221,5.091912,2.087031
0.138685535,67.30193,19.46693,10.58191,2.292588,0.35664
0.138907788,66.46412,15.25565,8.589739,2.159103,7.531384
0.13913004,73.26997,14.73986,10.69556,1.294607,0
0.139352292,76.52054,17.26365,5.140988,0.942327,0.132493
0.139574545,74.75811,14.82593,5.444414,4.971543,0
0.139796797,72.48963,14.11883,8.130728,5.260806,0
0.14001905,65.69649,14.73659,12.67723,1.950931,4.938763
0.140241302,64.63274,21.21836,11.81319,0.091784,2.243919
0.140463555,74.16247,13.51917,5.81457,1.753562,4.750236
0.140685807,75.88631,9.032406,13.67674,1.404543,0
0.14090806,74.55695,12.63264,6.792805,6.017595,0
0.141130312,70.12976,18.96869,10.64707,0.25449,0
0.141352565,78.66157,15.39467,3.909864,2.033896,0
0.141574817,73.74341,14.13072,8.803042,2.632716,0.690117
0.14179707,75.80289,18.02004,3.514752,2.662311,0
0.142019322,66.1153,14.00127,11.69517,4.676352,3.511917
0.142241574,64.61061,23.62559,9.75465,1.676525,0.332623
0.142463827,68.27346,15.71918,12.47908,2.953651,0.574632
0.142686079,66.15314,17.58702,10.04664,1.048571,5.164629
0.142908332,72.54881,14.83312,10.0051,1.710888,0.902077
0.143130584,69.6118,14.32773,10.87817,3.324737,1.857556
0.143352837,72.5386,17.49932,7.124809,2.837279,0
0.143575089,69.26868,19.24204,8.710094,1.297914,1.481274
0.143797342,70.28312,16.871,6.03275,4.296645,2.516482
0.144019594,70.67051,15.59969,9.00091,4.728885,0
0.144241847,74.75386,16.20173,7.531112,1.513292,0
0.144464099,71.35123,10.836,13.21142,4.601346,0
0.144686352,71.57433,16.60546,11.78083,0.039384,0
0.144908604,72.9798,16.50177,7.403268,2.675235,0.439931
0.145130856,64.40026,16.4445,6.737907,3.108821,9.308508
0.145353109,77.02081,14.87287,7.046148,1.060175,0
0.145575361,71.88809,17.94555,10.16636,0,0
0.145797614,70.41971,12.43175,16.48666,0.661882,0
0.146019866,71.46186,22.0139,6.448273,0.075963,0
0.146242119,67.81329,19.32176,8.108975,4.755985,0
0.146464371,59.76188,22.44444,12.16424,5.629433,0
0.146686624,73.32223,11.77969,10.80846,1.867242,2.222376
0.146908876,76.55299,13.924,6.282826,2.836492,0.403691
0.147131129,65.62321,19.98767,7.298754,1.067557,6.022804
0.147353381,68.57348,13.51511,12.8693,5.02043,0.021685
0.147575634,75.45449,16.74988,7.795633,0,0
0.147797886,72.75278,21.49088,4.569848,0,1.186489
0.148020138,69.95052,14.25121,12.26128,1.922172,1.614808
0.148242391,66.29585,20.23859,11.65557,1.622248,0.187743
0.148464643,73.2104,19.47641,7.009202,0.285707,0.018277
0.148686896,69.73186,12.19716,12.39094,2.756825,2.923218
0.148909148,69.86655,17.686,11.28381,0.111273,1.052372
0.149131401,69.15587,17.01065,5.087057,3.304318,5.442104
0.149353653,74.37914,15.0206,3.828168,5.340452,1.431636
0.149575906,72.29357,12.17028,7.176514,5.435394,2.924241
0.149798158,71.47004,16.19234,7.83418,3.194519,1.308918
0.150020411,78.73908,14.62388,6.466918,0,0.170119
0.150242663,77.91536,5.891485,13.10277,0,3.090383
0.150464916,69.04982,14.64471,11.90419,2.409171,1.99211
0.150687168,75.8388,12.59326,10.56457,1.003374,0
0.15090942,69.6859,17.75448,11.60626,0.953359,0
0.151131673,63.2403,20.9983,12.87166,2.889749,0
0.151353925,75.28065,11.87547,9.975536,0,2.868344
0.151576178,66.67822,13.8724,12.57036,1.863226,5.015795
0.15179843,70.01476,13.70227,9.306629,5.412296,1.564056
0.152020683,69.70585,19.46635,8.70122,0,2.126577
0.152242935,74.93314,13.40013,10.54681,1.119914,0
0.152465188,63.72105,19.74087,10.59189,4.525787,1.420406
0.15268744,70.70477,16.44563,11.30651,1.5431,0
0.152909693,67.07879,22.26795,9.746601,0,0.906667
0.153131945,64.9734,15.21801,13.17322,2.846246,3.789118
0.153354197,73.05971,11.26777,10.56671,3.902432,1.203376
0.15357645,76.31973,15.58314,7.696678,0,0.400457
0.153798702,70.09299,16.75542,11.66736,1.484236,0
0.154020955,67.30768,19.19819,7.398504,0.812684,5.28294
0.154243207,73.65411,10.66631,13.28359,2.395993,0
0.15446546,70.46983,14.95486,10.47881,4.096499,0
0.154687712,72.48347,14.33165,9.254394,2.627962,1.302524
0.154909965,69.21422,21.5591,8.482421,0.744255,0
0.155132217,60.08049,20.05216,7.644062,3.004978,9.218305
0.15535447,76.36527,11.65449,7.978197,4.002047,0
0.155576722,73.48905,12.17491,9.628677,4.707359,0
0.155798975,62.67655,16.83582,15.1069,5.380729,0
0.156021227,67.20206,14.96281,12.23276,5.602373,0
0.156243479,70.75912,10.87906,12.53763,2.326991,3.497206
0.156465732,64.56251,22.78895,11.10658,0,1.541964
0.156687984,72.74612,19.5312,7.72268,0,0
0.156910237,64.99745,18.20661,13.01294,0,3.782992
0.157132489,66.96959,14.12265,10.56464,2.077184,6.265938
0.157354742,72.69231,9.805711,13.75872,3.743254,0
0.157576994,64.05914,21.29752,9.783706,3.349766,1.509865
0.157799247,66.20312,18.92613,10.66876,4.177206,0.024787
0.158021499,76.36744,14.59158,8.33391,0.707068,0
0.158243752,68.61814,26.05861,4.1431,1.180143,0
0.158466004,63.92393,18.6647,15.08935,0,2.322024
0.158688257,74.82544,15.82622,8.429243,0.9191,0
0.158910509,68.14097,18.24763,11.4431,2.168301,0
0.159132761,75.34038,8.973124,11.49664,4.189864,0
0.159355014,70.66042,14.57095,9.206767,5.364356,0.197508
0.159577266,73.36578,12.66877,9.108513,3.422713,1.434216
0.159799519,83.52344,7.436405,3.922181,4.058276,1.059702
0.160021771,72.0147,18.36728,6.275543,3.342475,0
0.160244024,68.32581,13.16534,9.227124,5.225652,4.056074
0.160466276,70.81631,17.46596,11.71774,0,0
0.160688529,69.846,14.52262,8.525787,0.758258,6.347339
0.160910781,66.64812,16.88868,13.82096,0.891504,1.750742
0.161133034,79.76005,10.5322,7.250778,2.404238,0.052731
0.161355286,73.06976,13.3313,8.439692,5.159248,0
0.161577539,77.16588,13.4889,9.042769,0.22925,0.073202
0.161799791,66.83321,19.30421,7.559799,5.731759,0.571015
0.162022043,70.78967,13.8221,10.5534,0,4.834828
0.162244296,71.66182,13.76895,13.66443,0.904806,0
0.162466548,74.68158,10.72503,8.025449,3.986307,2.581632
0.162688801,72.19292,17.75096,10.00422,0,0.051911
0.162911053,70.84018,20.1342,6.97379,0,2.051838
0.163133306,76.45403,17.3071,6.143991,0.09487,0
0.163355558,70.44559,19.01877,9.111128,1.424518,0
0.163577811,64.93315,16.58807,13.70313,0.070237,4.705413
0.163800063,75.38914,18.0357,5.245727,1.329431,0
0.164022316,76.79789,15.29789,6.750056,1.10692,0.04724
0.164244568,71.66222,17.75847,7.974168,2.60513,0
0.16446682,68.01588,20.96351,7.841372,0.329978,2.849265
0.164689073,76.71458,16.91039,6.375029,0,0
0.164911325,74.54772,16.43278,6.921593,2.097908,0
0.165133578,68.75989,13.487,12.39507,3.140265,2.217782
0.16535583,74.8179,15.12081,8.90643,1.154853,0
0.165578083,69.79618,19.30611,5.416311,4.591397,0.889999
0.165800335,65.91188,24.10556,9.982566,0,0
0.166022588,76.13177,13.80229,8.501217,0,1.564723
0.16624484,73.57378,15.45442,7.099392,2.842849,1.02956
0.166467093,75.31491,14.61854,9.627358,0.439189,0
0.166689345,77.05264,14.34882,8.446195,0,0.152343
0.166911598,78.04945,9.494056,11.3491,1.016004,0.09138
0.16713385,71.63512,19.6605,8.704372,0,0
0.167356102,76.94559,8.659837,11.26821,3.023765,0.102589
0.167578355,63.78091,16.29363,10.59331,6.318206,3.013942
0.167800607,71.91586,16.74186,10.90135,0.103225,0.337712
0.16802286,70.66252,17.06664,7.67438,0.143013,4.453439
0.168245112,74.79718,13.61092,7.289047,0.832475,3.470383
0.168467365,73.34734,15.10371,8.542315,0.878982,2.127663
0.168689617,65.64704,18.33337,13.01898,3.000602,0
0.16891187,68.71224,16.0621,13.58966,0.927009,0.708999
0.169134122,73.48444,14.28325,9.955067,2.277249,0
0.169356375,69.28433,17.22824,11.39235,0.791687,1.303401
0.169578627,75.19176,18.13401,3.784671,2.770965,0.118587
0.16980088,74.66324,13.28032,8.680929,2.798873,0.576637
0.170023132,66.12045,13.89054,14.54194,5.447066,0
0.170245384,71.29605,22.70624,2.241186,3.756527,0
0.170467637,74.97764,14.07194,5.104932,3.558659,2.286825
0.170689889,66.17066,14.59297,13.2008,3.69476,2.340809
0.170912142,68.44494,15.40524,8.694444,6.211677,1.243701
0.171134394,75.85863,17.35318,3.692363,0.12095,2.974871
0.171356647,79.19626,12.33427,4.068123,4.401349,0
0.171578899,70.77039,14.60388,13.18908,1.436642,0
0.171801152,74.9562,10.51686,10.63553,0.258983,3.632427
0.172023404,79.17292,14.89192,5.935159,0,0
0.172245657,63.01695,16.98934,9.455574,5.772097,4.766037
0.172467909,72.45214,13.35214,8.786349,1.624898,3.784474
0.172690162,73.44942,15.88985,10.1172,0.543543,0
0.172912414,77.90686,11.38516,9.165956,1.542023,0
0.173134666,56.72112,20.06435,14.19497,4.683021,4.336541
0.173356919,71.5984,16.3503,11.14834,0.902961,0
0.173579171,74.51196,13.53547,10.20777,1.744805,0
0.173801424,73.17668,14.53287,9.499789,2.790659,0
0.174023676,70.25782,16.782,8.685283,1.791704,2.483196
0.174245929,72.44727,10.9629,7.445338,5.974702,3.169798
0.174468181,74.23407,12.088,9.540002,2.392631,1.745299
0.174690434,64.58469,18.19913,12.29102,4.693556,0.231599
0.174912686,65.00715,16.00807,13.93305,2.408812,2.642918
0.175134939,76.06814,15.07,7.102921,0.205593,1.553347
0.175357191,69.73798,14.28524,13.29289,2.683889,0
0.175579443,71.32703,19.53675,6.675173,2.461049,0
0.175801696,75.82901,14.20295,7.944056,2.023984,0
0.176023948,72.71583,16.5565,6.643835,4.083838,0
0.176246201,68.59612,18.38305,7.877913,2.087214,3.05571
0.176468453,69.27251,14.40584,12.28942,4.032234,0
0.176690706,64.84155,17.11048,10.74415,3.700627,3.60319
0.176912958,60.01535,19.87487,13.46944,6.64034,0
0.177135211,71.42611,17.76796,8.796121,0.74246,1.26735
0.177357463,73.79734,16.96484,5.605142,1.745893,1.886783
0.177579716,69.05636,16.87159,11.12943,0.39952,2.543103
0.177801968,71.05086,16.34494,7.206226,2.735298,2.662673
0.178024221,74.12151,12.76754,8.896248,4.214702,0
0.178246473,78.42711,7.520936,14.05195,0,0
0.178468725,71.00822,17.16257,9.467892,2.361306,0
0.178690978,77.44844,15.5143,5.66291,1.374347,0
0.17891323,71.80406,19.58621,7.436605,0,1.173123
0.179135483,72.22684,11.74708,15.01973,1.006352,0
0.179357735,65.89175,17.71111,10.91755,5.479593,0
0.179579988,72.3094,13.53117,11.8992,2.260229,0
0.17980224,72.71015,17.90706,6.362038,3.020745,0
0.180024493,68.8327,16.28251,9.834465,5.050321,0
0.180246745,68.82032,19.47494,8.140416,3.564327,0
