Distance (µm),Fe ,Cr ,Ni ,Mn,Pb 
0,92.67315,6.898649,0,0,0.428205
0.00028261,91.46858,7.947849,0.583566,0,0
0.00056522,85.28484,10.49087,1.585713,2.008459,0.630119
0.000847829,88.67639,9.157095,0,2.166517,0
0.001130439,91.61152,7.54017,0.306186,0,0.542124
0.001413049,88.90794,8.947453,1.140618,1.003994,0
0.001695659,95.87159,3.19609,0,0.932322,0
0.001978268,91.0166,8.104919,0,0.556521,0.321958
0.002260878,90.76395,8.95563,0.230382,0.050039,0
0.002543488,90.40642,8.128491,0.891463,0.573624,0
0.002826098,89.16611,9.844526,0.190174,0.799181,0
0.003108707,90.31042,9.400175,0.2894,0,0
0.003391317,92.35461,7.414254,0.231134,0,0
0.003673927,91.07272,8.927277,0,0,0
0.003956537,88.81776,8.790759,0.559719,1.250773,0.580994
0.004239146,90.368,7.259398,0,1.393296,0.979313
0.004521756,89.3412,7.906189,0.08356,0.517082,2.151967
0.004804366,90.49394,8.243804,0,0,1.262256
0.005086976,90.25867,8.93323,0,0.808106,0
0.005369586,87.42718,10.00403,0,2.568796,0
0.005652195,91.39314,8.484648,0,0.122211,0
0.005934805,88.26078,10.73093,1.008294,0,0
0.006217415,87.66579,7.864164,2.043487,2.426554,0
0.006500025,91.79845,6.248852,1.220918,0,0.731786
0.006782634,87.14071,8.951098,1.585106,0,2.323088
0.007065244,92.83176,5.146969,1.078211,0.270681,0.672376
0.007347854,91.06683,8.933166,0,0,0
0.007630464,86.67035,10.89088,0.751608,0,1.687157
0.007913073,91.29276,8.707237,0,0,0
0.008195683,91.474,8.525999,0,0,0
0.008478293,89.84818,8.587541,1.564285,0,0
0.008760903,86.16301,8.67372,2.787059,1.142081,1.234126
0.009043512,92.60979,6.820077,0.570135,0,0
0.009326122,87.74625,11.21034,0,0,1.043417
0.009608732,88.3457,8.707885,1.069131,0.789577,1.08771
0.009891342,91.00589,6.374546,0.461586,2.157975,0
0.010173952,91.52364,8.102758,0,0.373602,0
0.010456561,90.13431,7.274487,0,0,2.591209
0.010739171,90.68369,8.874932,0,0.386467,0.054907
0.011021781,89.06531,9.254383,0.512179,1.168126,0
0.011304391,86.2502,10.50617,1.236917,1.041555,0.96516
0.011587,89.62881,9.074179,0.012659,1.284348,0
0.01186961,91.38528,5.701464,1.494277,1.418978,0
0.01215222,93.14715,6.040642,0.558753,0.253456,0
0.01243483,89.68926,10.31074,0,0,0
0.012717439,88.82284,9.721802,0,0.142952,1.312412
0.013000049,88.36863,11.63137,0,0,0
0.013282659,92.62115,5.337172,0,2.04168,0
0.013565269,90.9806,7.080703,1.225685,0.71301,0
0.013847878,90.06354,7.653295,1.204965,1.078205,0
0.014130488,90.42989,8.77242,0,0.118182,0.679511
0.014413098,93.91217,6.087832,0,0,0
0.014695708,90.20428,8.549408,0,0,1.24631
0.014978318,86.33105,9.949941,1.587626,0.194267,1.937122
0.015260927,90.403,7.194776,0,2.402225,0
0.015543537,89.43032,7.275818,2.11057,1.183289,0
0.015826147,91.37422,7.300589,0.557263,0.767927,0
0.016108757,94.01302,3.795543,0.818919,1.372514,0
0.016391366,92.62594,7.025232,0,0.348827,0
0.016673976,88.95032,4.891051,0.094049,0.52051,5.544072
0.016956586,92.08926,6.427769,0,1.057645,0.425325
0.017239196,91.1386,6.841199,0.642062,1.37814,0
0.017521805,90.06459,8.150223,0.763057,0,1.02213
0.017804415,92.57845,7.421546,0,0,0
0.018087025,92.78664,7.213366,0,0,0
0.018369635,92.87382,6.400019,0,0,0.72616
0.018652244,88.80861,11.19139,0,0,0
0.018934854,91.31565,5.705161,0,0,2.97919
0.019217464,91.41082,5.777276,0.995823,1.236497,0.579584
0.019500074,87.74626,7.597295,0.266546,4.389897,0
0.019782684,93.95581,5.989391,0,0,0.0548
0.020065293,89.46752,8.155309,0,0.65199,1.725182
0.020347903,88.18523,10.28477,0,0.745385,0.78462
0.020630513,91.72741,8.108967,0,0.163625,0
0.020913123,92.15318,7.468843,0,0.066609,0.311363
0.021195732,90.85802,7.365789,0,1.776194,0
0.021478342,90.01359,8.015649,0.474761,0,1.496005
0.021760952,88.76852,6.6781,0,0.20037,4.353007
0.022043562,92.55745,6.98463,0,0.457919,0
0.022326171,88.86684,9.443887,0,0.554606,1.134671
0.022608781,88.68228,10.32424,0,0.850285,0.143189
0.022891391,93.11551,5.712978,0,0.332583,0.838932
0.023174001,92.18642,6.724684,0.619513,0.110038,0.359342
0.02345661,85.79453,12.44305,1.158087,0.604328,0
0.02373922,86.82098,11.57284,0,0.62736,0.978813
0.02402183,88.43356,9.425488,0.70518,1.435776,0
0.02430444,90.68368,7.629052,0.693567,0.993703,0
0.02458705,95.50518,4.214067,0,0.109035,0.171717
0.024869659,93.14426,4.677968,0,2.177777,0
0.025152269,91.35377,7.799727,0.510257,0.336248,0
0.025434879,85.69061,10.1199,0.451346,2.805355,0.93279
0.025717489,88.2811,9.616846,0.352341,0.913965,0.835748
0.026000098,91.10405,6.566091,0.231164,0.777839,1.320856
0.026282708,88.13976,6.366549,1.014789,0.592976,3.885923
0.026565318,89.96059,6.840063,0,3.019734,0.17961
0.026847928,89.90249,8.328132,0,1.769383,0
0.027130537,92.00253,6.994153,0.193483,0.809837,0
0.027413147,90.90908,7.948272,0,1.142649,0
0.027695757,91.96217,7.763263,0,0.274561,0
0.027978367,91.12441,6.587399,1.171407,0,1.116785
0.028260976,88.09634,9.884947,0.738794,1.27992,0
0.028543586,90.1092,8.793241,1.097564,0,0
0.028826196,90.09506,8.980194,0,0,0.924742
0.029108806,88.0814,7.938367,1.459368,1.970767,0.550098
0.029391416,92.65662,6.246367,0.833273,0.263743,0
0.029674025,91.92996,5.896989,0.538674,1.634373,0
0.029956635,92.21963,6.049122,0,0.339879,1.391373
0.030239245,89.46275,7.695978,1.216766,1.624509,0
0.030521855,85.48487,8.206449,2.500827,2.491912,1.315938
0.030804464,88.45578,8.434241,0,1.755871,1.35411
0.031087074,91.46564,7.188124,0.738006,0.608232,0
0.031369684,85.48936,12.75172,1.758924,0,0
0.031652294,86.20786,13.48873,0,0.09338,0.210027
0.031934903,91.36155,8.638454,0,0,0
0.032217513,92.78675,7.213252,0,0,0
0.032500123,89.45947,9.729877,0.810656,0,0
0.032782733,89.09579,8.689086,0.088065,0.811173,1.315887
0.033065342,93.38982,6.610174,0,0,0
0.033347952,90.37786,9.622138,0,0,0
0.033630562,95.0416,4.958407,0,0,0
0.033913172,90.70906,8.090887,0,0,1.20005
0.034195782,91.87564,6.399949,0,1.551939,0.172474
0.034478391,91.23631,6.655186,0.47714,0,1.63136
0.034761001,87.88187,11.36854,0.617172,0.132417,0
0.035043611,92.19597,7.023595,0.780438,0,0
0.035326221,89.26105,10.18931,0,0.549642,0
0.03560883,85.86593,7.660202,1.922984,0.362731,4.188156
0.03589144,90.21838,7.34696,1.049015,0.262373,1.12328
0.03617405,89.42988,7.535659,1.78164,1.01791,0.234915
0.03645666,91.15091,7.553775,0,1.295313,0
0.036739269,91.17441,6.711698,0,1.398154,0.715739
0.037021879,91.07446,8.220436,0.242393,0.462714,0
0.037304489,88.94523,6.461473,0.592796,2.342346,1.658156
0.037587099,87.10264,11.28193,0,0,1.615424
0.037869708,91.34914,6.788255,0,1.789151,0.073461
0.038152318,90.00298,7.982546,0,2.014469,0
0.038434928,92.01117,6.410287,0.977094,0.601451,0
0.038717538,93.45422,5.172505,0,0.219202,1.154067
0.039000148,88.21294,8.927326,0.647497,2.20227,0.009965
0.039282757,92.95968,6.826778,0,0.213541,0
0.039565367,88.01093,11.0097,0.653233,0,0.326138
0.039847977,88.6043,7.750704,0,1.993694,1.651304
0.040130587,87.59386,9.453062,1.726381,0.150227,1.076468
0.040413196,92.86292,6.935087,0,0,0.201989
0.040695806,88.45813,7.398843,1.384554,2.597617,0.160853
0.040978416,88.45113,7.585591,2.826141,1.137133,0
0.041261026,87.60542,8.223598,0.800083,0.997833,2.373073
0.041543635,87.37777,10.54638,0,0.64141,1.434436
0.041826245,91.48797,5.204704,0,2.478908,0.828423
0.042108855,91.65395,6.171362,0.143439,0,2.03125
0.042391465,88.32392,10.64802,1.028063,0,0
0.042674075,92.09877,6.442447,0.983742,0,0.47504
0.042956684,91.14993,7.849155,0,0.839048,0.16186
0.043239294,91.50208,6.463252,0.002762,1.224974,0.806937
0.043521904,94.15401,4.555387,0,0,1.290606
0.043804514,87.27602,10.99128,0,1.732689,0
0.044087123,93.65186,5.326588,0,0.276295,0.745258
0.044369733,88.3602,10.73518,0.904624,0,0
0.044652343,91.88519,5.449147,0,1.33384,1.331829
0.044934953,92.72071,7.279286,0,0,0
0.045217562,90.82879,7.52569,0.086529,1.558991,0
0.045500172,90.70791,7.880447,1.411645,0,0
0.045782782,88.20975,9.872157,0.124622,0.188453,1.605012
0.046065392,92.53688,7.019421,0,0.4437,0
0.046348001,86.80371,9.731668,0,1.518382,1.946238
0.046630611,94.54693,5.113115,0,0.339954,0
0.046913221,91.41051,8.58949,0,0,0
0.047195831,92.34335,6.05269,0,0.987605,0.616358
0.047478441,88.43217,11.56783,0,0,0
0.04776105,92.3123,7.262763,0,0.424932,0
0.04804366,89.75237,6.726769,2.144629,1.376226,0
0.04832627,91.00523,7.741492,1.063748,0,0.189532
0.04860888,91.77076,6.218745,1.270866,0,0.739632
0.048891489,90.74782,9.252178,0,0,0
0.049174099,88.60906,8.110614,2.745523,0.534803,0
0.049456709,91.61379,8.386204,0,0,0
0.049739319,89.45345,8.777577,0,1.327348,0.441627
0.050021928,92.17197,7.819322,0.008707,0,0
0.050304538,92.05093,6.293814,0,1.655252,0
0.050587148,89.51128,7.644656,0.291492,0,2.552579
0.050869758,88.77698,9.836505,0,1.386517,0
0.051152367,93.48897,6.511032,0,0,0
0.051434977,90.83363,7.630047,0.165865,1.370459,0
0.051717587,90.77998,7.451171,0,1.029309,0.739536
0.052000197,87.73919,8.721978,2.111761,1.230659,0.19641
0.052282807,91.25749,8.742504,0,0,0
0.052565416,87.28024,12.54826,0.171506,0,0
0.052848026,90.46967,9.330916,0,0.199415,0
0.053130636,87.14236,6.666536,2.277897,1.843713,2.069497
0.053413246,90.78387,5.34045,2.307271,1.046033,0.522378
0.053695855,93.62199,5.431455,0,0.946548,0
0.053978465,92.09883,7.901172,0,0,0
0.054261075,90.759,8.916108,0,0,0.324888
0.054543685,92.58406,5.630543,0,1.425014,0.360385
0.054826294,86.09055,10.93059,0.599619,0,2.379241
0.055108904,92.25031,3.907356,0,2.330988,1.511342
0.055391514,92.36071,5.182915,1.070247,1.386125,0
0.055674124,86.32558,11.67561,1.615024,0.383783,0
0.055956733,90.69166,8.080712,0,1.22763,0
0.056239343,92.39002,7.609974,0,0,0
0.056521953,91.27883,7.3311,0,0.443788,0.946281
0.056804563,88.65492,8.907417,1.119838,1.31782,0
0.057087173,94.01476,5.449944,0,0.535302,0
0.057369782,91.55106,7.427383,0,1.021558,0
0.057652392,87.31696,12.4574,0.225643,0,0
0.057935002,88.22781,10.279,1.493199,0,0
0.058217612,88.53268,7.48423,1.115641,0.769414,2.098038
0.058500221,92.23782,7.142642,0,0.076518,0.543027
0.058782831,92.82213,7.17787,0,0,0
0.059065441,94.19839,5.213194,0,0.588419,0
0.059348051,89.32336,8.060293,2.087299,0.529048,0
0.05963066,89.92,8.184542,0,1.823424,0.072039
0.05991327,88.72275,8.4747,2.80255,0,0
0.06019588,92.76118,6.172851,0.036167,1.029795,0
0.06047849,91.90441,7.783725,0.311867,0,0
0.060761099,88.62622,9.978989,0,0.691245,0.703543
0.061043709,91.88259,6.465914,0,0,1.651492
0.061326319,92.47427,7.109865,0,0.415867,0
0.061608929,94.40526,5.594744,0,0,0
0.061891539,88.94339,8.41276,0,2.643854,0
0.062174148,86.79118,9.477361,0.697324,2.066385,0.967746
0.062456758,92.97723,7.022772,0,0,0
0.062739368,88.21207,6.773961,3.069703,0.259981,1.684291
0.063021978,92.31616,7.683838,0,0,0
0.063304587,91.73452,8.265477,0,0,0
0.063587197,88.77505,8.9002,0.980528,1.344226,0
0.063869807,89.73604,6.642439,1.102371,1.875242,0.643909
0.064152417,90.491,8.188991,0,0,1.320002
0.064435026,87.41443,5.897444,1.080852,1.222902,4.384374
0.064717636,89.73212,10.26787,0,0,0
0.065000246,95.0513,4.225028,0.723676,0,0
0.065282856,90.26665,7.156127,0,0,2.577217
0.065565465,90.85303,8.497334,0,0,0.649639
0.065848075,85.95826,11.96738,0.26558,0,1.808783
0.066130685,89.66088,9.639584,0.699534,0,0
0.066413295,90.99438,6.910863,1.827253,0,0.267497
0.066695905,90.09008,7.679635,0.755267,0.162197,1.312821
0.066978514,89.48099,8.598016,0,0.586295,1.334706
0.067261124,91.25512,8.74488,0,0,0
0.067543734,86.30576,10.0451,0.769488,0.316945,2.562702
0.067826344,93.30789,5.909142,0,0.782968,0
0.068108953,89.93489,7.643635,0.308444,1.418347,0.694686
0.068391563,88.88238,7.491534,1.149688,1.333852,1.142549
0.068674173,87.07099,10.73937,0,2.18964,0
0.068956783,88.78425,8.147054,2.173877,0.894823,0
0.069239392,88.73515,7.449082,0.621584,0,3.194184
0.069522002,91.87597,7.823645,0,0.300389,0
0.069804612,89.75316,6.546539,0,1.538289,2.162017
0.070087222,87.07945,8.883256,2.260281,0.792204,0.98481
0.070369831,90.66302,6.378366,1.664711,1.293899,0
0.070652441,89.20276,9.659644,1.1376,0,0
0.070935051,92.45947,4.540263,0.148184,2.489445,0.362645
0.071217661,87.01889,12.62522,0.355886,0,0
0.071500271,86.12494,11.06652,0,2.808539,0
0.07178288,87.31503,10.14563,2.320374,0.218959,0
0.07206549,89.26574,7.091806,1.797082,0.288613,1.556757
0.0723481,90.53812,9.189554,0.175249,0.097075,0
0.07263071,92.61469,6.623541,0.761767,0,0
0.072913319,93.35834,5.444042,0,0.571166,0.626458
0.073195929,86.36094,11.82336,0,0.537498,1.278199
0.073478539,88.28425,9.545387,0,2.170366,0
0.073761149,91.79282,4.293517,1.100935,0.312093,2.500628
0.074043758,91.7544,7.859412,0,0.386188,0
0.074326368,88.04866,6.610197,1.780522,0,3.560625
0.074608978,87.50231,11.06838,1.397487,0,0.03182
0.074891588,92.04244,5.271879,0.425021,1.550957,0.709698
0.075174197,89.06885,8.547041,0,0.199768,2.184345
0.075456807,91.6523,6.82235,0,0,1.525353
0.075739417,89.22642,8.752697,0.146696,1.874187,0
0.076022027,90.43363,9.566367,0,0,0
0.076304637,91.01986,7.856487,0.036237,1.087413,0
0.076587246,85.47042,8.114223,1.43502,2.557789,2.422547
0.076869856,97.20798,2.79202,0,0,0
0.077152466,88.125,9.085014,2.314715,0.475271,0
0.077435076,90.74444,8.591187,0.564058,0.100316,0
0.077717685,89.65734,10.24811,0,0.094554,0
0.078000295,91.16071,7.349859,0,0.606823,0.882604
0.078282905,91.26083,8.739177,0,0,0
0.078565515,88.10642,8.207885,0,3.685696,0
0.078848124,89.69394,10.30606,0,0,0
0.079130734,86.73421,8.928767,0.820624,1.447458,2.068943
0.079413344,89.78145,7.151141,0.579372,2.271956,0.216079
0.079695954,90.43959,7.79341,0.02341,0.620395,1.123194
0.079978563,94.04986,4.718533,0.271017,0,0.960591
0.080261173,91.80462,6.299527,1.44713,0.448721,0
0.080543783,88.69128,9.976393,0,0,1.332325
0.080826393,88.87359,9.427102,1.164371,0,0.534938
0.081109003,93.26661,3.396339,0,1.73958,1.597472
0.081391612,92.59628,7.403722,0,0,0
0.081674222,92.70541,6.359324,0,0.76735,0.16791
0.081956832,90.21935,9.337713,0,0,0.442939
0.082239442,91.41563,6.83877,1.745593,0,0
0.082522051,91.51822,4.55504,0.347077,2.825447,0.754219
0.082804661,93.26288,4.67878,1.619063,0,0.439277
0.083087271,92.25859,7.741409,0,0,0
0.083369881,90.97107,8.187251,0,0,0.841679
0.08365249,90.36983,9.142288,0,0.479266,0.008611
0.0839351,89.10436,7.043893,1.336207,2.133996,0.38154
0.08421771,84.82359,14.42596,0.338875,0,0.411571
0.08450032,88.65006,10.11119,0,0.771525,0.467217
0.084782929,92.78648,7.213518,0,0,0
0.085065539,90.27633,7.265117,0.199066,0,2.259491
0.085348149,90.57398,7.00667,0,0.635736,1.783612
0.085630759,91.30513,8.082692,0.612174,0,0
0.085913369,88.8443,6.459555,2.864914,0,1.831234
0.086195978,93.13252,6.613142,0.254333,0,0
0.086478588,88.99714,8.324219,0,1.103285,1.575357
0.086761198,90.61397,6.881474,0.837959,1.306269,0.360328
0.087043808,91.23277,8.767235,0,0,0
0.087326417,91.59618,7.278798,0.498355,0.432312,0.194356
0.087609027,92.58469,6.54748,0,0.867825,0
0.087891637,89.64601,7.149919,0.298594,2.881774,0.0237
0.088174247,88.40066,9.366481,0,2.232863,0
0.088456856,91.33341,8.666585,0,0,0
0.088739466,88.44276,8.000645,0,0,3.556595
0.089022076,88.54475,9.384677,0.378337,0,1.69224
0.089304686,89.38777,7.556727,0,0.81771,2.237794
0.089587295,88.08617,8.150096,0,3.084245,0.679496
0.089869905,91.69335,7.440357,0,0.866288,0
0.090152515,89.68134,8.397606,0.124902,1.53474,0.261406
0.090435125,87.86338,9.845354,1.174709,0.561982,0.554579
0.090717735,92.49248,7.507523,0,0,0
0.091000344,85.80331,11.45677,1.659143,1.080772,0
0.091282954,91.54665,8.092572,0,0.360771,0
0.091565564,94.00954,4.875618,0,1.114845,0
0.091848174,89.1186,9.5979,0,1.283498,0
0.092130783,89.86749,8.516707,0,0.520703,1.095093
0.092413393,92.13398,5.035867,0.658166,0.575122,1.596865
0.092696003,90.35889,7.188622,1.631418,0,0.821066
0.092978613,88.97104,8.33247,0.895385,1.027702,0.773402
0.093261222,88.80302,11.06414,0.132838,0,0
0.093543832,92.51855,6.104585,0.192416,1.184448,0
0.093826442,88.56819,8.479891,1.545202,0,1.406718
0.094109052,86.79225,9.937444,1.412311,0.728501,1.129494
0.094391661,93.22448,6.097331,0.678186,0,0
0.094674271,89.30143,7.852859,0.30834,0.675157,1.862214
0.094956881,87.76238,10.31777,1.615307,0.304536,0
0.095239491,94.26278,4.933411,0,0.803811,0
0.095522101,88.62652,11.26123,0,0.112252,0
0.09580471,89.25815,7.71882,2.083332,0,0.939701
0.09608732,88.66737,7.869298,1.838673,1.624664,0
0.09636993,87.55887,10.29758,0,2.143545,0
0.09665254,90.92684,8.756773,0.227747,0.088635,0
0.096935149,89.3215,8.712915,0.383548,1.582031,0
0.097217759,92.97635,6.041592,0,0,0.98206
0.097500369,88.36664,8.206915,0,1.988561,1.437888
0.097782979,87.65656,8.091578,0.935324,1.402799,1.913732
0.098065588,92.65219,6.570136,0,0.777673,0
0.098348198,90.75351,6.569492,0,1.417171,1.25983
0.098630808,92.11139,7.11455,0.43002,0,0.344044
0.098913418,89.00135,6.438923,0.961367,1.845615,1.752747
0.099196027,88.65188,9.313638,0,2.034487,0
0.099478637,94.22214,4.721943,0.009351,1.046572,0
0.099761247,83.80965,11.93155,4.114088,0,0.144711
0.100043857,89.95937,9.98218,0,0,0.058444
0.100326467,89.45455,10.16517,0.128423,0,0.251857
0.100609076,92.52625,6.939141,0.473989,0.06062,0
0.100891686,91.67274,7.522742,0,0,0.804518
0.101174296,92.47313,6.522248,1.004624,0,0
0.101456906,88.26213,7.156641,1.109987,1.70825,1.762993
0.101739515,90.48714,6.690564,0,2.822301,0
0.102022125,91.72319,8.276808,0,0,0
0.102304735,91.87984,8.037388,0,0.082764,0
0.102587345,87.14027,10.98235,0.809986,0.106394,0.961002
0.102869954,87.53551,9.436858,1.995524,1.032106,0
0.103152564,88.48247,9.134132,1.846653,0.536747,0
0.103435174,89.00333,9.240565,0.007328,1.74878,0
0.103717784,91.06918,8.855658,0.07517,0,0
0.104000393,93.46873,6.531275,0,0,0
0.104283003,90.10258,8.991924,0.905495,0,0
0.104565613,91.22434,5.529371,0,2.284942,0.961347
0.104848223,89.51885,9.143966,1.174973,0,0.162212
0.105130833,89.14608,10.62287,0.122207,0.108847,0
0.105413442,89.64741,9.251149,0,0.615216,0.486225
0.105696052,88.23727,9.596897,0,2.165837,0
0.105978662,89.73833,7.21093,0,0.376889,2.673856
0.106261272,87.14058,8.102974,0.239971,0.292997,4.223478
0.106543881,88.1834,10.21746,0.55036,0.211122,0.837658
0.106826491,89.83515,9.307644,0,0.857203,0
0.107109101,94.18123,5.265593,0,0.553175,0
0.107391711,91.16534,8.712897,0.002375,0.11938,0
0.10767432,91.67912,6.988706,0,1.33217,0
0.10795693,88.97326,10.3599,0.269378,0,0.397462
0.10823954,92.8037,6.553683,0.008086,0.634534,0
0.10852215,92.64292,4.365473,0.620931,1.582622,0.788056
0.108804759,92.26809,7.203419,0.174282,0.35421,0
0.109087369,93.31329,5.21305,0,1.218065,0.255603
0.109369979,90.09347,8.711809,1.194721,0,0
0.109652589,94.45218,5.184783,0,0.36304,0
0.109935199,90.82692,7.255055,1.918027,0,0
0.110217808,90.91134,8.496359,0,0.538426,0.053873
0.110500418,89.92595,7.551079,0.626688,1.89628,0
0.110783028,89.29129,8.692532,0,2.016177,0
0.111065638,91.25153,8.003472,0,0.745001,0
0.111348247,89.8963,6.805942,1.564197,1.73356,0
0.111630857,88.57449,8.320142,0.856008,0.363831,1.885538
0.111913467,91.69357,7.929152,0.377281,0,0
0.112196077,89.96024,8.081306,0.509573,0.902891,0.545995
0.112478686,91.65312,6.718617,1.390072,0.031827,0.206361
0.112761296,87.09376,10.60238,0.806075,1.497786,0
0.113043906,87.16011,11.53639,0,0,1.3035
0.113326516,91.08118,6.23625,0,2.123777,0.558794
0.113609125,92.78845,5.568031,0.195043,1.448476,0
0.113891735,92.03149,7.550472,0,0,0.418042
0.114174345,93.0881,5.367201,0,1.544699,0
0.114456955,90.3792,8.141182,0,1.479614,0
0.114739565,89.63918,9.222587,0.865625,0.272604,0
0.115022174,92.14871,7.361962,0,0.489328,0
0.115304784,90.11189,9.888105,0,0,0
0.115587394,88.39928,8.504095,0.567444,0,2.529186
0.115870004,85.61053,8.950141,0.627706,1.628043,3.183586
0.116152613,93.83748,6.16252,0,0,0
0.116435223,90.81477,9.185232,0,0,0
0.116717833,87.22169,11.11756,0.886826,0.77393,0
0.117000443,89.70592,5.948188,0,0,4.345883
0.117283052,90.28214,8.65018,0,1.067677,0
0.117565662,87.68192,11.07099,1.247098,0,0
0.117848272,91.96429,6.807092,0,1.228614,0
0.118130882,92.64671,7.353291,0,0,0
0.118413491,87.40544,12.59456,0,0,0
0.118696101,86.70834,10.3148,0.084757,0.956891,1.935213
0.118978711,86.78289,12.81904,0.398071,0,0
0.119261321,88.91479,10.77473,0.010051,0.300418,0
0.119543931,85.7171,9.005649,1.953539,3.323712,0
0.11982654,91.39011,7.500941,0,1.108948,0
0.12010915,87.94766,9.298995,2.75334,0,0
0.12039176,84.18903,9.837237,2.285684,1.104043,2.584012
0.12067437,84.92977,10.87374,0.046169,1.532461,2.61786
0.120956979,92.64458,4.963572,1.954452,0,0.437402
0.121239589,91.32304,7.798743,0.729139,0.149082,0
0.121522199,87.37534,8.504598,1.622325,2.497745,0
0.121804809,89.72548,10.27452,0,0,0
0.122087418,89.0312,8.904886,0,0,2.06391
0.122370028,90.60036,8.456479,0,0.943153,0
0.122652638,90.73328,7.702482,0.172103,1.392143,0
0.122935248,89.28481,10.38299,0,0,0.332197
0.123217857,89.59573,8.591032,1.813243,0,0
0.123500467,90.44807,7.956876,0,0.228578,1.366478
0.123783077,91.55709,8.442905,0,0,0
0.124065687,91.5514,8.448603,0,0,0
0.124348297,90.70993,8.295113,0,0.28145,0.713505
0.124630906,88.60706,7.14256,0.85897,1.779779,1.611638
0.124913516,88.57432,8.652369,0,2.36728,0.406033
0.125196126,91.88517,6.237462,0.942871,0.934499,0
0.125478736,85.12247,11.54178,0.363737,0.763572,2.208447
0.125761345,94.80299,2.639157,1.212515,1.345342,0
0.126043955,90.30081,6.367579,0.281523,2.222883,0.827206
0.126326565,88.39523,10.02061,1.326532,0.257633,0
0.126609175,91.90205,8.097944,0,0,0
0.126891784,94.31084,5.689166,0,0,0
0.127174394,94.06385,5.318662,0,0.617485,0
0.127457004,90.00212,8.19401,0.799562,0.051196,0.953114
0.127739614,90.07704,6.927939,0,2.995018,0
0.128022224,89.97543,8.730401,0.449828,0.594589,0.249752
0.128304833,90.55391,6.733145,1.567336,0.41515,0.730457
0.128587443,89.96957,7.296723,0,1.258551,1.475163
0.128870053,91.66126,7.849174,0,0.489567,0
0.129152663,88.50983,10.01661,0,0,1.473567
0.129435272,91.16273,7.65877,0,1.178497,0
0.129717882,92.76563,6.597612,0.430582,0,0.206173
0.130000492,90.85664,7.892177,0.738472,0.512708,0
0.130283102,89.67429,8.791069,0,1.534638,0
0.130565711,87.69412,6.317027,1.957539,1.447103,2.584208
0.130848321,93.17686,6.491585,0.331556,0,0
0.131130931,92.51688,5.654205,0,0.348821,1.480087
0.131413541,93.19537,6.804631,0,0,0
0.13169615,91.67434,5.603481,0.20676,2.515419,0
0.13197876,90.06363,9.069381,0,0.866988,0
0.13226137,89.18379,9.050702,0,1.765504,0
0.13254398,93.75988,5.155476,0,1.084641,0
0.13282659,86.88216,9.498867,1.614066,0.668325,1.336578
0.133109199,88.47568,9.945103,0,0.337019,1.242203
0.133391809,91.39959,8.600411,0,0,0
0.133674419,91.23797,8.762032,0,0,0
0.133957029,92.90777,6.275615,0.816615,0,0
0.134239638,88.01281,11.36411,0.623073,0,0
0.134522248,88.58382,9.029737,0,0.460343,1.926095
0.134804858,89.62565,7.007246,0.250523,3.11658,0
0.135087468,88.85156,9.657318,0.85808,0.633042,0
0.135370077,89.904,6.570876,0.809163,1.879201,0.836764
0.135652687,90.45734,8.729604,0.507074,0,0.305975
0.135935297,88.85,11.15,0,0,0
0.136217907,85.79311,12.42415,0.771346,1.011396,0
0.136500516,89.27794,8.177182,1.52836,1.01652,0
0.136783126,92.36483,5.86807,0,0.752196,1.0149
0.137065736,90.53645,7.564119,0,1.703384,0.196041
0.137348346,90.79094,7.53309,0,0,1.675969
0.137630956,89.77425,7.866771,1.248465,1.11051,0
0.137913565,89.46666,7.638164,0.19315,0,2.702027
0.138196175,85.85374,9.383117,2.439992,0.868763,1.454388
0.138478785,88.6175,9.842757,1.146406,0,0.393334
0.138761395,89.73556,8.356894,0.755519,1.152031,0
0.139044004,92.64682,5.324813,0.649971,1.378394,0
0.139326614,88.85619,9.852209,1.291604,0,0
0.139609224,90.51496,6.712887,0,1.573444,1.198707
0.139891834,89.28557,8.902355,0.716354,0.737011,0.358713
0.140174443,87.20449,9.862769,0.625867,2.306875,0
0.140457053,84.63876,12.54349,0,2.817754,0
0.140739663,86.21189,6.606751,0,1.069544,6.111815
0.141022273,89.04948,6.647368,2.082338,1.153345,1.067475
0.141304882,91.20161,8.201502,0.542283,0.054605,0
0.141587492,88.41196,9.115872,2.032076,0.440095,0
0.141870102,87.73857,7.831544,0.801657,3.62823,0
0.142152712,89.42802,5.068676,2.589065,1.32919,1.585045
0.142435322,88.81216,8.674142,0,2.513695,0
0.142717931,93.1673,6.460608,0.372088,0,0
0.143000541,89.82653,7.673334,0.64069,0,1.859443
0.143283151,85.87157,13.57126,0,0.557172,0
0.143565761,91.76165,5.893207,1.1267,1.218441,0
0.14384837,88.08067,10.60689,1.312449,0,0
0.14413098,91.29829,8.701704,0,0,0
0.14441359,91.92485,5.805373,0,1.558474,0.711302
0.1446962,91.77237,8.227628,0,0,0
0.144978809,87.85631,6.059472,0,2.679578,3.404641
0.145261419,89.79,9.309761,0.358457,0.009714,0.532068
0.145544029,92.32233,5.345492,0.54009,1.792086,0
0.145826639,89.79423,7.881489,2.168756,0.155523,0
0.146109248,89.84638,9.997088,0,0,0.156526
0.146391858,83.91824,12.41936,1.285502,2.376898,0
0.146674468,91.21525,8.595355,0,0.1894,0
0.146957078,90.55428,9.394627,0.051086,0,0
0.147239688,89.52387,9.776252,0,0.173024,0.52685
0.147522297,87.82899,12.12702,0,0,0.043997
0.147804907,90.20842,8.434665,0,0.188842,1.168075
0.148087517,87.54661,8.887223,1.836919,1.729252,0
0.148370127,91.39033,6.617622,0.676494,1.315553,0
0.148652736,89.50443,9.543899,0.559162,0.122685,0.26982
0.148935346,92.16341,5.684456,0.895186,0.864285,0.392663
0.149217956,92.53561,6.412085,0,1.052303,0
0.149500566,85.19523,9.801602,2.930155,0,2.073013
0.149783175,91.45203,6.310088,0.602629,1.635249,0
0.150065785,89.99875,9.838604,0.162647,0,0
0.150348395,90.40476,9.424769,0,0,0.17047
0.150631005,88.88342,6.973019,1.461876,0,2.68168
0.150913614,94.72568,4.448202,0.826125,0,0
0.151196224,88.48827,7.596759,0,0.192932,3.722037
0.151478834,92.11323,6.204753,0,1.682022,0
0.151761444,90.25224,6.566676,1.751767,0,1.429315
0.152044054,90.95,6.37416,0.970755,0.603035,1.10205
0.152326663,88.82254,9.806218,1.371244,0,0
0.152609273,87.35961,10.36635,0.744776,0,1.529263
0.152891883,87.98844,10.88924,0,1.122316,0
0.153174493,92.43586,5.380063,0.78317,1.400908,0
0.153457102,90.23322,7.271833,2.494953,0,0
0.153739712,91.99706,5.779206,2.223736,0,0
0.154022322,88.77349,8.693091,0.874097,0.988269,0.671053
0.154304932,90.75318,7.418432,0,0,1.828388
0.154587541,88.99043,9.814961,0,0,1.194609
0.154870151,85.8719,7.602269,2.675774,0,3.850054
0.155152761,88.26662,10.08475,0.037203,0,1.611423
0.155435371,87.99523,9.51188,0.648624,1.844263,0
0.15571798,91.79362,7.801641,0.404745,0,0
0.15600059,88.49109,9.451573,1.779143,0.278198,0
0.1562832,90.35005,8.654468,0.995479,0,0
0.15656581,90.60184,7.391671,2.006489,0,0
0.15684842,92.10498,7.415703,0,0.479314,0
0.157131029,88.23879,10.87308,0.88813,0,0
0.157413639,90.13493,8.647068,0.306258,0.911751,0
0.157696249,90.11302,8.425504,0.52214,0,0.939331
0.157978859,88.39546,10.67346,0,0.22965,0.701429
0.158261468,88.91973,7.380777,2.273257,0.953965,0.472267
0.158544078,87.39184,10.5346,2.073565,0,0
0.158826688,83.79215,11.5075,0.49312,0,4.207223
0.159109298,94.41016,5.589839,0,0,0
0.159391907,88.48587,10.51425,0.336031,0,0.663845
0.159674517,88.96809,10.2487,0.783213,0,0
0.159957127,89.85618,7.679147,2.464676,0,0
0.160239737,87.81219,9.248455,0.918847,1.147683,0.872821
0.160522346,88.55431,7.042311,1.831042,1.318514,1.253825
0.160804956,89.43195,8.785453,0.981538,0.458294,0.34276
0.161087566,92.69073,6.59306,0.658402,0.057803,0
0.161370176,90.28501,8.73728,0,0.332051,0.645656
0.161652786,91.14941,7.401803,0,1.448787,0
0.161935395,86.89378,10.78876,0,0,2.317468
0.162218005,87.25982,10.14917,1.07014,1.154422,0.366448
0.162500615,87.70409,7.295288,3.745619,0,1.255002
0.162783225,90.56181,7.119433,2.318764,0,0
0.163065834,91.18858,4.102573,2.825402,1.883444,0
0.163348444,84.76393,14.11697,0,0.526875,0.592224
0.163631054,89.52637,9.280868,0.396934,0.795831,0
0.163913664,86.39528,12.17537,0.442098,0,0.987252
0.164196273,88.37667,7.798239,3.008053,0.817037,0
0.164478883,84.00308,9.895566,2.807743,1.628223,1.665385
0.164761493,89.17384,9.064128,0,0.423968,1.33807
0.165044103,89.86472,7.94771,0.724716,0.354678,1.108181
0.165326712,81.80213,13.82182,2.252403,2.12365,0
0.165609322,88.45651,8.565456,2.810808,0,0.167223
0.165891932,86.95956,9.045919,2.219279,1.201808,0.573438
0.166174542,82.68967,13.1242,3.495108,0.017112,0.673901
0.166457152,86.75686,9.230895,2.151365,1.860879,0
0.166739761,84.93465,9.698284,2.642946,2.724122,0
0.167022371,86.11358,9.941417,0.992485,2.952523,0
0.167304981,88.85868,6.857471,1.803434,2.480417,0
0.167587591,81.19153,11.98845,2.618553,3.483666,0.717809
0.1678702,88.44504,8.779371,2.775592,0,0
0.16815281,86.07939,10.2723,3.648308,0,0
0.16843542,85.88837,9.25866,3.639426,1.213546,0
0.16871803,83.23712,10.16767,3.411893,3.183312,0
0.169000639,85.39474,12.17718,2.428084,0,0
0.169283249,84.44864,10.04544,3.081342,1.057075,1.367503
0.169565859,83.91236,11.62377,4.269751,0.194111,0
0.169848469,81.51586,13.76952,4.518574,0.19605,0
0.170131078,82.73351,10.89178,3.264311,0,3.110405
0.170413688,87.182,8.684351,1.51548,0.847224,1.770949
0.170696298,82.62376,10.662,6.029765,0.684479,0
0.170978908,82.94709,10.00817,5.169771,0,1.874969
0.171261518,85.30003,11.70525,2.333341,0.337719,0.323655
0.171544127,80.76627,11.25715,4.087306,0.394158,3.495118
0.171826737,80.40055,12.97003,3.63752,0.704477,2.287427
0.172109347,87.6437,10.80628,1.550018,0,0
0.172391957,85.65691,9.365733,3.010287,0,1.96707
0.172674566,82.49845,10.19723,5.833936,1.470377,0
0.172957176,83.64491,11.71355,3.348131,0.457835,0.835573
0.173239786,80.60496,13.30264,2.612442,3.479964,0
0.173522396,80.34357,12.18957,6.409536,1.057322,0
0.173805005,89.93822,8.653404,1.172958,0,0.235421
0.174087615,81.96889,13.66395,4.021295,0.345866,0
0.174370225,83.30545,10.82811,4.860126,1.006309,0
0.174652835,81.98179,13.52372,3.766565,0.690962,0.036968
0.174935444,83.84039,9.843252,6.316358,0,0
0.175218054,83.45113,11.82401,3.948927,0.775923,0
0.175500664,80.7417,11.63433,4.325929,1.563148,1.734892
0.175783274,80.34182,16.39766,1.880016,0.399146,0.981355
0.176065884,82.1157,15.05387,0.745605,1.460594,0.624225
0.176348493,81.91264,11.9346,3.416138,2.736631,0
0.176631103,79.13508,12.93368,3.635636,4.295609,0
0.176913713,81.66787,11.13678,3.139543,0.919508,3.136298
0.177196323,80.5605,12.01781,5.617536,0,1.80415
0.177478932,80.74356,15.45396,3.802483,0,0
0.177761542,81.16965,14.87737,3.952971,0,0
0.178044152,79.27151,12.49578,6.77688,1.455818,0
0.178326762,81.11226,15.46525,3.422485,0,0
0.178609371,86.8239,7.078793,4.749938,0,1.347372
0.178891981,79.74978,14.30156,3.821808,1.336167,0.790686
0.179174591,84.58948,11.45189,3.958628,0,0
0.179457201,77.40484,15.04574,5.450283,1.528119,0.571015
0.17973981,81.7041,12.70494,4.263716,1.327245,0
0.18002242,76.07774,19.04681,4.87545,0,0
0.18030503,86.59348,10.49792,1.16332,0.067424,1.677863
0.18058764,79.56946,13.89006,5.409796,1.130683,0
0.18087025,80.02622,12.63222,3.896807,0.942687,2.502064
0.181152859,83.19656,11.3887,2.459828,0.209069,2.745841
0.181435469,77.0145,16.21608,5.79344,0.410006,0.565976
0.181718079,79.08119,16.03493,3.637078,0.288181,0.958618
0.182000689,78.77608,13.75199,5.902186,1.569744,0
0.182283298,77.19353,16.33389,4.400591,0.514508,1.557483
0.182565908,71.2347,22.31343,4.601,1.850873,0
0.182848518,78.67407,10.14026,6.627087,0.961107,3.597474
0.183131128,82.39421,10.10778,7.14723,0.350781,0
0.183413737,75.28671,11.37049,9.883275,1.005512,2.454009
0.183696347,79.17007,15.33455,5.133061,0.362322,0
0.183978957,76.81215,15.92374,7.264111,0,0
0.184261567,82.09597,12.70133,5.202701,0,0
0.184544176,77.88578,13.26602,5.340049,3.136917,0.371238
0.184826786,79.17316,13.44212,7.129674,0.255041,0
0.185109396,76.84881,14.48546,8.362021,0.303711,0
0.185392006,77.94884,12.50227,4.479603,4.801296,0.267988
0.185674616,79.12644,12.11415,5.601961,3.157445,0
0.185957225,76.40718,17.0205,4.845991,1.062316,0.664009
0.186239835,75.48616,8.764639,10.24289,2.586474,2.919836
0.186522445,78.71223,10.29539,4.93372,2.497455,3.5612
0.186805055,75.08238,18.05499,5.723781,0,1.138849
0.187087664,69.03656,15.06862,12.17488,3.357289,0.362651
0.187370274,77.28156,14.76707,6.139071,1.812302,0
0.187652884,73.5864,15.21335,8.57361,2.612687,0.013962
0.187935494,72.11254,17.07765,9.970458,0.430824,0.408522
0.188218103,72.00027,17.90046,9.478256,0.621016,0
0.188500713,70.63488,19.14395,8.143068,2.078109,0
0.188783323,74.39507,17.13831,6.398583,2.06804,0
0.189065933,69.14325,15.18262,9.253093,2.591788,3.82925
0.189348542,73.09135,17.17374,7.757564,0.377508,1.599826
0.189631152,75.50922,14.66831,6.325827,2.171144,1.3255
0.189913762,78.84798,12.48343,6.31231,2.356274,0
0.190196372,71.23155,15.14162,10.40779,2.506353,0.712693
0.190478982,71.01344,14.47719,8.09424,3.610251,2.804884
0.190761591,71.56718,16.54324,5.372681,4.171954,2.344941
0.191044201,71.87096,22.99219,5.136854,0,0
0.191326811,71.95821,16.20216,10.06569,1.773933,0
0.191609421,73.84284,16.96999,7.883132,0.78861,0.515425
0.19189203,71.15805,20.24181,7.248999,1.351142,0
0.19217464,74.26868,14.33819,6.920446,1.030641,3.442046
0.19245725,71.53463,18.55298,6.778678,3.133718,0
0.19273986,72.74255,18.87451,5.860663,1.108703,1.413572
0.193022469,73.83365,12.03407,8.804406,4.651257,0.676617
0.193305079,72.47607,14.61327,9.228402,1.832531,1.849728
0.193587689,72.74111,19.5585,4.929968,2.754953,0.015465
0.193870299,76.69862,12.23261,8.460802,0.104156,2.503812
0.194152908,82.51585,9.87041,5.049905,0.429231,2.134598
0.194435518,68.24403,22.55769,8.496837,0.701449,0
0.194718128,72.5196,17.25397,9.402405,0.824026,0
0.195000738,72.55027,13.17541,9.811548,2.570391,1.892377
0.195283348,74.21182,15.69608,8.699389,0.425289,0.96742
0.195565957,69.95568,16.08428,9.656059,4.303982,0
0.195848567,77.6952,14.90655,6.351996,1.046255,0
0.196131177,75.58983,17.0357,4.935723,1.644172,0.794576
0.196413787,74.21111,14.4035,8.981415,2.403983,0
0.196696396,77.39483,15.37593,5.913851,0,1.315385
0.196979006,77.61276,14.97942,7.138269,0.269548,0
0.197261616,73.27443,13.5628,10.5514,2.611364,0
0.197544226,70.53697,15.55329,11.62872,0.957009,1.32401
0.197826835,70.81248,15.21449,9.207639,4.016475,0.748903
0.198109445,74.20201,16.51077,5.274473,2.645677,1.367077
0.198392055,76.97069,13.31226,7.883539,1.833511,0
0.198674665,69.3134,17.51285,9.056342,4.117407,0
0.198957274,76.12507,11.4218,9.521702,2.931427,0
0.199239884,74.14393,14.1764,10.87299,0.491891,0.314788
0.199522494,75.8203,16.26661,7.913082,0,0
0.199805104,75.5433,15.80083,5.803755,2.00613,0.845986
0.200087714,74.01332,13.32876,9.66024,2.997671,0
0.200370323,79.77896,12.61226,5.478467,1.470539,0.659775
0.200652933,69.9994,21.00117,8.99942,0,0
0.200935543,74.46059,19.45581,4.110154,1.973451,0
0.201218153,67.85715,18.33168,12.07474,1.736429,0
0.201500762,75.77342,17.26434,5.864001,0.156012,0.94222
0.201783372,76.08099,16.74397,6.733361,0.44168,0
0.202065982,70.44226,17.92417,9.432875,2.200693,0
0.202348592,72.56766,16.17993,7.265647,3.986762,0
0.202631201,69.82504,19.64101,8.723609,1.810344,0
0.202913811,71.18558,15.63689,10.70646,2.180678,0.290397
0.203196421,70.36469,21.72448,7.357913,0.552917,0
0.203479031,70.99546,16.97418,11.46698,0.563376,0
0.20376164,70.94341,18.1794,8.455169,1.666385,0.755644
0.20404425,70.01099,17.29852,12.27616,0.414323,0
0.20432686,73.82404,13.84831,8.221591,4.106061,0
0.20460947,72.88361,11.09095,10.12656,3.327189,2.571694
0.20489208,72.27132,18.23055,7.746027,1.7521,0
0.205174689,72.64965,15.87148,7.323369,1.670264,2.485233
0.205457299,68.11147,19.72872,8.774017,3.261074,0.124726
0.205739909,67.23798,20.80258,11.95944,0,0
0.206022519,74.75985,10.40967,11.62561,3.204866,0
0.206305128,74.40148,12.6071,8.616928,1.099358,3.275129
0.206587738,75.24229,15.42938,9.328331,0,0
0.206870348,70.06947,15.39993,8.065948,2.26443,4.200219
0.207152958,72.19783,17.48578,9.059024,1.257365,0
0.207435567,73.77034,15.45396,8.448721,2.326975,0
0.207718177,75.10534,15.67011,6.405062,2.819484,0
0.208000787,71.98646,13.17412,11.17129,3.668134,0
0.208283397,71.44917,15.84431,9.828895,2.877618,0
0.208566007,78.325,14.44523,5.972428,0.693459,0.56389
0.208848616,70.8077,20.34351,8.843809,0.004982,0
0.209131226,71.54128,15.86087,11.16066,0.110259,1.32693
0.209413836,75.07074,18.80735,4.596991,1.524923,0
0.209696446,72.98429,14.25495,10.15618,0,2.604581
0.209979055,72.70238,17.39381,9.856813,0.046997,0
0.210261665,73.40773,15.3718,9.978153,1.242314,0
0.210544275,71.04131,19.10662,8.44396,1.408116,0
0.210826885,70.13002,14.28178,7.065899,5.269616,3.252684
0.211109494,73.35115,15.98862,8.769844,1.136347,0.754042
0.211392104,69.05673,19.31872,9.752297,1.872253,0
0.211674714,68.82207,17.83535,11.05535,2.001904,0.285328
0.211957324,68.0856,16.76932,10.55631,4.576991,0.011781
0.212239933,68.60931,17.03042,10.13561,4.224668,0
0.212522543,71.107,13.60578,13.79621,1.335695,0.155317
0.212805153,72.94635,16.64887,5.997106,2.339988,2.067681
0.213087763,73.89382,15.31295,8.685239,2.10799,0
0.213370373,69.70294,14.62067,13.68682,1.989567,0
0.213652982,72.14564,13.3373,11.64206,2.875005,0
0.213935592,68.96314,20.28165,8.410965,2.344241,0
0.214218202,70.60066,14.85757,11.73928,2.802488,0
0.214500812,67.99665,17.36615,8.556605,2.015684,4.064909
0.214783421,65.43371,18.21282,10.64286,3.671524,2.039088
0.215066031,71.69471,13.04837,13.94416,0,1.312759
0.215348641,74.50586,15.45954,7.008557,3.026044,0
0.215631251,79.81345,15.73298,2.183192,2.270386,0
0.21591386,71.08728,21.01369,7.899022,0,0
0.21619647,74.46814,15.0709,10.38279,0,0.078167
0.21647908,71.50383,17.94194,7.470429,1.453383,1.630417
0.21676169,70.11632,15.73309,12.95162,0.255365,0.943614
0.217044299,69.7842,21.23052,6.304486,1.95897,0.721818
0.217326909,65.86102,20.89071,8.86445,4.383826,0
0.217609519,73.5416,19.22452,7.205905,0.02798,0
0.217892129,72.57343,16.16077,6.279019,3.134971,1.851819
0.218174739,75.48239,12.19664,10.85851,1.462459,0
0.218457348,72.72378,13.81675,9.042256,2.35743,2.059782
0.218739958,72.12941,19.10642,8.764167,0,0
0.219022568,69.78171,17.79074,10.32273,0,2.104821
0.219305178,71.95599,18.36154,9.066945,0.615525,0
0.219587787,75.56541,13.85332,9.613051,0.968217,0
0.219870397,73.39136,18.97159,7.637047,0,0
0.220153007,76.20137,15.67389,5.641629,1.42491,1.058195
0.220435617,67.1525,16.2279,11.9851,1.967335,2.667158
0.220718226,79.53132,15.43865,4.267069,0.762964,0
0.221000836,69.51187,19.92169,5.939957,4.626482,0
0.221283446,71.22194,15.94164,6.225402,5.575371,1.035644
0.221566056,74.92625,17.47091,7.602842,0,0
0.221848665,72.83821,15.2998,11.0102,0.851783,0
0.222131275,76.08182,12.89789,8.796595,1.793003,0.430695
0.222413885,75.2229,12.03144,11.74013,1.005535,0
0.222696495,75.24738,14.28289,7.053938,1.64822,1.767574
0.222979105,70.27622,16.29531,7.726482,5.701979,0
0.223261714,65.71348,19.90389,12.31584,2.066792,0
0.223544324,70.15787,15.04852,9.626555,2.640239,2.526815
0.223826934,72.27261,18.69546,9.031936,0,0
0.224109544,74.15616,12.95362,7.746552,4.663667,0.480005
0.224392153,66.67403,20.97308,9.966961,1.533053,0.852875
0.224674763,66.69165,17.04088,12.508,1.864926,1.894544
0.224957373,74.2746,15.5623,8.014459,2.148648,0
0.225239983,74.86111,15.38013,8.493148,1.265611,0
0.225522592,76.1527,13.2774,6.112752,1.433879,3.023268
0.225805202,74.18656,15.11205,10.047,0.654384,0
0.226087812,79.90494,11.99487,7.424864,0.675329,0
0.226370422,71.39402,15.89602,9.112411,3.597545,0
0.226653031,70.46325,18.16953,9.926277,1.440943,0
0.226935641,72.49644,16.10966,10.37447,1.019431,0
0.227218251,79.44884,8.988912,10.23935,0.829933,0.492964
0.227500861,73.07467,14.70686,8.051026,1.395364,2.772084
0.227783471,70.27951,17.31692,8.984384,2.553786,0.865401
0.22806608,73.31792,15.6493,9.947007,1.08578,0
0.22834869,73.5112,17.1572,7.415358,1.916246,0
0.2286313,74.13625,17.03308,7.10783,0,1.722839
0.22891391,71.90877,15.50681,9.611757,2.972664,0
0.229196519,74.88498,10.97913,11.62145,2.514442,0
0.229479129,71.07258,14.69339,11.74384,2.490196,0
0.229761739,71.11896,16.46878,12.41226,0,0
0.230044349,76.35685,15.85851,6.50257,1.282077,0
0.230326958,73.11785,15.16526,8.689315,3.02758,0
0.230609568,74.29268,18.69784,6.228153,0.781328,0
0.230892178,67.8649,19.84038,11.4021,0.89262,0
0.231174788,70.21588,16.84735,9.535286,2.38451,1.01697
0.231457397,75.79934,11.95181,9.771357,2.477489,0
0.231740007,76.33656,17.88583,5.777609,0,0
0.232022617,77.00081,13.39381,7.691363,1.914018,0
0.232305227,76.01783,14.79524,7.847411,1.339514,0
0.232587837,76.4678,11.95205,7.056563,3.374535,1.149051
0.232870446,74.5862,19.67237,4.539328,0.75691,0.445198
0.233153056,73.98942,14.18748,9.035975,2.240376,0.546757
0.233435666,70.25265,18.84334,7.114428,2.79828,0.991311
